current_data/cl_ri_2024-08-02_20.00.json
{"header": {"parameterNumberName": "Eastward current", "parameterNumber": 2, "parameterUnit": "m.s-1", "parameterCategory": 2, "refTime": "2024-08-02 20:00:00", "ny": 161, "lo1": -71.5, "lo2": -71.0, "la1": 41.79999923706055, "dx": 0.00250244140625, "dy": 0.002498626708984375, "nx": 201, "la2": 41.400001525878906}, "data":
[rows 117 to 155 of 161, columns 87 to 173 of 201]
0.0,0.0,0.0,0.0,0.0,0.0,0.0,0.0,0.0,0.0,0.0,0.0,0.0,0.0,0.0,0.0,0.0,0.0,0.076,0.103,0.091,0.081,0.072,0.065,0.059,0.055,0.052,0.055,0.062,0.07,0.066,0.024,0.0,0.0,0.0,0.0,0.0,0.0,0.0,0.0,0.0,0.0,0.0,0.0,0.0,0.0,0.0,0.0,0.0,0.0,0.0,0.0,0.0,0.0,0.0,0.0,0.0,0.0,0.0,0.0,0.0,0.0,0.0,0.0,0.0,0.0,0.0,0.0,0.0,0.0,0.0,0.0,0.0,0.0,0.0,0.0,0.0,-0.218,-0.231,-0.213,-0.151,-0.089,-0.054,-0.026,-0.011,0.0,0.0
0.0,0.0,0.0,0.0,0.0,0.0,0.0,0.0,0.0,0.0,0.0,0.0,0.0,0.0,0.0,0.0,0.0,0.0,0.061,0.072,0.065,0.059,0.054,0.05,0.047,0.045,0.045,0.046,0.051,0.061,0.057,0.015,0.0,0.0,0.0,0.0,0.0,0.0,0.0,0.0,0.0,0.0,0.0,0.0,0.0,0.0,0.0,0.0,0.0,0.0,0.0,0.0,0.0,0.0,0.0,0.0,0.0,0.0,0.0,0.0,0.0,0.0,0.0,0.0,0.0,0.0,0.0,0.0,0.0,0.0,0.0,0.0,0.0,0.0,0.0,0.0,0.0,-0.015,-0.057,-0.087,-0.086,-0.068,-0.049,-0.03,-0.017,-0.009,-0.004
0.0,0.0,0.0,0.0,0.0,0.0,0.0,0.0,0.0,0.0,0.0,0.0,0.0,0.0,0.0,0.0,0.0,0.032,0.051,0.046,0.042,0.039,0.036,0.035,0.033,0.033,0.032,0.032,0.031,0.025,0.014,0.0,0.0,0.0,0.0,0.0,0.0,0.0,0.0,0.0,0.0,0.0,0.0,0.0,0.0,0.0,0.0,0.0,0.0,0.0,0.0,0.0,0.0,0.0,0.0,0.0,0.0,0.0,0.0,0.0,0.0,0.0,0.0,0.0,0.0,0.0,0.0,0.0,0.0,0.0,0.0,0.0,0.036,0.046,0.069,0.108,0.14,0.073,0.0,-0.042,-0.052,-0.047,-0.038,-0.027,-0.017,-0.009,-0.004
0.0,0.0,0.0,0.0,0.0,0.0,0.0,0.0,0.0,0.0,0.0,0.0,0.0,0.0,0.0,0.0,0.0,0.043,0.039,0.024,0.02,0.02,0.02,0.02,0.021,0.02,0.018,0.014,0.008,-0.012,-0.07,0.0,0.0,0.0,0.0,0.0,0.0,0.0,0.0,0.0,0.0,0.0,0.0,0.0,0.0,0.0,0.0,0.0,0.0,0.0,0.0,0.0,0.0,0.0,0.0,0.0,0.0,0.0,0.0,0.0,0.0,0.0,0.0,0.0,0.0,0.0,0.0,0.0,0.0,0.029,0.046,0.05,0.047,0.052,0.06,0.074,0.086,0.063,0.007,-0.028,-0.036,-0.034,-0.03,-0.022,-0.014,-0.007,-0.002
0.0,0.0,0.0,0.0,0.0,0.0,0.0,0.0,0.0,0.0,0.0,0.0,0.0,0.0,0.0,0.0,0.0,0.03,0.007,0.001,-0.0,0.002,0.005,0.008,0.009,0.008,0.005,-0.0,-0.008,-0.044,-0.133,-0.161,-0.069,0.0,0.0,0.0,0.0,0.0,0.0,0.0,0.0,0.0,0.0,0.0,0.0,0.0,0.0,0.0,0.0,0.0,0.0,0.0,0.0,0.0,0.0,0.0,0.0,0.0,0.0,0.0,0.0,0.0,0.0,0.0,0.0,0.0,0.0,0.0,0.032,0.038,0.043,0.046,0.045,0.051,0.055,0.058,0.06,0.041,0.006,-0.016,-0.022,-0.021,-0.019,-0.013,-0.008,-0.004,0.001
0.0,0.0,0.0,0.0,0.0,0.0,0.0,0.0,0.0,0.0,0.0,0.0,0.0,0.0,0.0,0.0,0.01,-0.018,-0.029,-0.026,-0.023,-0.016,-0.007,-0.001,0.001,-0.001,-0.006,-0.014,-0.03,-0.075,-0.119,-0.077,-0.034,-0.0,0.0,0.0,0.0,0.0,0.0,0.0,0.0,0.0,0.0,0.0,0.0,0.0,0.0,0.0,0.0,0.0,0.0,0.0,0.0,0.0,0.0,0.0,0.0,0.0,0.0,0.0,0.0,0.0,0.019,0.02,0.02,0.02,0.034,0.052,0.049,0.041,0.04,0.04,0.039,0.04,0.041,0.041,0.038,0.027,0.01,0.003,0.001,0.001,-0.001,-0.004,-0.002,0.001,0.005
0.0,0.0,0.0,0.0,0.0,0.0,0.0,0.0,0.0,0.0,0.0,0.0,0.0,0.0,0.0,-0.007,-0.034,-0.064,-0.071,-0.056,-0.048,-0.027,-0.014,-0.007,-0.004,-0.006,-0.013,-0.024,-0.045,-0.085,-0.079,-0.046,-0.045,0.0,0.0,0.0,0.0,0.0,0.0,0.0,0.0,0.0,0.0,0.0,0.0,0.0,0.0,0.0,0.0,0.0,0.0,0.0,0.0,0.0,0.0,0.0,0.0,0.0,0.0,0.015,0.019,0.019,0.018,0.018,0.017,0.017,0.02,0.027,0.034,0.033,0.032,0.03,0.026,0.022,0.016,0.009,0.01,0.013,0.018,0.028,0.025,0.017,0.009,0.004,0.004,0.006,0.01
0.0,0.0,0.0,0.0,0.0,0.0,0.0,0.0,0.0,0.0,0.0,0.0,0.0,0.0,0.0,-0.016,-0.038,-0.07,-0.096,-0.09,-0.062,-0.027,-0.014,-0.006,-0.005,-0.007,-0.013,-0.022,-0.037,-0.054,-0.053,-0.046,-0.054,-0.059,0.0,0.0,0.0,0.0,0.0,0.0,0.0,0.0,0.0,0.0,0.0,0.0,0.0,0.0,0.0,0.0,0.0,0.0,0.0,0.0,0.0,0.0,0.0,0.0,0.011,0.012,0.012,0.013,0.012,0.011,0.011,0.011,0.012,0.014,0.018,0.019,0.018,0.014,0.007,-0.002,-0.015,-0.03,-0.024,-0.004,0.016,0.029,0.02,0.011,0.007,0.007,0.008,0.01,0.014
-0.0,0.0,0.0,0.0,0.0,0.0,0.0,-0.002,-0.007,0.0,0.0,0.0,0.0,0.0,0.0,0.006,0.015,0.017,-0.036,-0.061,-0.051,-0.027,-0.006,-0.001,-0.001,-0.004,-0.008,-0.014,-0.022,-0.029,-0.032,-0.032,-0.045,-0.055,-0.052,0.0,0.0,0.0,0.0,0.0,0.0,0.0,0.0,0.0,0.0,0.0,0.0,0.0,0.0,0.0,0.0,0.0,0.0,0.0,0.0,0.0,0.0,0.0,0.005,0.007,0.007,0.006,0.004,0.003,0.002,0.001,0.002,0.002,0.002,0.001,-0.003,-0.01,-0.019,-0.026,-0.036,-0.044,-0.036,-0.025,-0.007,0.001,0.005,0.006,0.005,0.007,0.009,0.011,0.014
0.002,0.0,0.0,0.0,0.0,0.0,0.003,0.001,-0.002,-0.005,-0.009,-0.01,0.0,0.0,0.0,0.0,0.0,0.0,-0.006,-0.014,-0.01,0.011,0.011,0.009,0.006,0.003,-0.001,-0.005,-0.01,-0.013,-0.016,-0.02,-0.031,-0.037,-0.032,-0.021,-0.008,0.0,0.0,0.0,0.0,0.0,0.0,0.0,0.0,0.0,0.0,0.0,0.0,0.0,0.0,0.0,0.0,0.0,0.0,0.0,0.0,0.0,-0.001,0.003,0.002,-0.001,-0.004,-0.005,-0.006,-0.007,-0.009,-0.01,-0.014,-0.02,-0.028,-0.036,-0.039,-0.039,-0.039,-0.039,-0.029,-0.02,-0.012,-0.005,0.0,0.003,0.005,0.007,0.008,0.009,0.009
0.006,0.001,0.0,0.0,0.0,0.0,0.005,0.004,0.003,0.003,0.002,0.0,-0.003,-0.007,0.0,0.0,0.0,0.0,0.0,0.057,0.054,0.039,0.027,0.019,0.014,0.011,0.007,0.005,0.002,0.0,-0.003,-0.007,-0.012,-0.011,-0.007,-0.002,-0.002,0.0,0.0,0.0,0.0,0.0,0.0,0.0,0.0,0.0,0.0,0.0,0.0,0.0,0.0,0.0,0.0,0.0,0.0,0.0,0.0,0.012,0.01,0.002,-0.003,-0.007,-0.01,-0.013,-0.014,-0.015,-0.017,-0.022,-0.028,-0.036,-0.041,-0.043,-0.042,-0.039,-0.033,-0.028,-0.021,-0.015,-0.01,-0.005,-0.001,0.002,0.004,0.005,0.006,0.005,0.002
0.003,0.0,0.0,0.0,0.009,0.005,0.004,0.005,0.007,0.008,0.009,0.009,0.009,0.008,0.006,0.0,0.0,0.0,0.055,0.071,0.061,0.044,0.033,0.026,0.021,0.018,0.016,0.014,0.014,0.013,0.011,0.008,0.006,0.009,0.011,0.01,0.007,0.0,0.0,0.0,0.0,0.0,0.0,0.0,0.0,0.0,0.0,0.0,0.0,0.0,0.0,0.0,0.0,0.0,0.0,0.008,0.016,0.008,-0.001,-0.005,-0.008,-0.011,-0.015,-0.02,-0.022,-0.021,-0.023,-0.027,-0.032,-0.035,-0.036,-0.034,-0.032,-0.028,-0.022,-0.018,-0.017,-0.012,-0.007,-0.004,-0.001,0.002,0.005,0.006,0.006,0.005,0.002
-0.001,-0.003,-0.01,-0.011,-0.003,-0.001,0.001,0.004,0.007,0.01,0.012,0.013,0.016,0.016,0.009,0.0,0.0,0.027,0.056,0.052,0.046,0.038,0.031,0.026,0.023,0.022,0.023,0.024,0.025,0.025,0.024,0.023,0.021,0.022,0.023,0.023,0.019,0.0,0.0,0.0,0.0,0.0,0.0,0.0,0.0,0.0,0.0,0.0,0.0,0.0,0.0,0.0,0.0,0.0,0.0,0.008,-0.001,-0.006,-0.011,-0.013,-0.013,-0.015,-0.019,-0.024,-0.025,-0.025,-0.026,-0.027,-0.029,-0.028,-0.026,-0.023,-0.021,-0.019,-0.016,-0.015,-0.013,-0.009,-0.005,-0.003,0.0,0.002,0.005,0.007,0.008,0.008,0.007
-0.006,-0.007,-0.013,-0.015,-0.008,-0.006,-0.003,0.0,0.004,0.008,0.01,0.013,0.017,0.015,0.0,0.0,0.0,0.066,0.05,0.04,0.035,0.03,0.025,0.022,0.021,0.023,0.026,0.03,0.034,0.037,0.036,0.034,0.031,0.028,0.027,0.025,0.011,0.0,0.0,0.0,0.0,0.0,0.0,0.0,0.0,0.0,0.0,0.0,0.0,0.0,0.011,0.015,0.017,0.012,0.0,-0.007,-0.011,-0.012,-0.016,-0.019,-0.02,-0.021,-0.023,-0.024,-0.025,-0.026,-0.027,-0.026,-0.025,-0.023,-0.021,-0.019,-0.016,-0.015,-0.013,-0.011,-0.009,-0.007,-0.005,-0.003,-0.001,0.001,0.002,0.004,0.005,0.007,0.008
-0.01,-0.012,-0.015,-0.016,-0.012,-0.01,-0.007,-0.003,0.001,0.003,0.003,0.009,0.014,0.018,0.0,0.034,0.048,0.043,0.037,0.03,0.025,0.02,0.017,0.015,0.016,0.019,0.025,0.032,0.038,0.043,0.045,0.044,0.04,0.033,0.027,0.024,0.008,0.0,0.0,0.0,0.0,0.0,0.0,0.0,0.0,0.0,0.0,0.0,0.0,0.015,0.01,0.004,-0.003,-0.009,-0.013,-0.015,-0.018,-0.019,-0.019,-0.023,-0.025,-0.025,-0.025,-0.025,-0.025,-0.026,-0.026,-0.025,-0.023,-0.021,-0.018,-0.016,-0.014,-0.012,-0.01,-0.008,-0.006,-0.005,-0.004,-0.002,-0.001,-0.0,0.001,0.001,0.003,0.005,0.008
-0.013,-0.014,-0.016,-0.015,-0.013,-0.01,-0.007,-0.004,-0.001,-0.006,-0.004,0.003,0.006,0.013,0.026,0.031,0.028,0.027,0.025,0.02,0.015,0.011,0.009,0.009,0.012,0.017,0.024,0.032,0.039,0.045,0.05,0.05,0.047,0.042,0.038,0.029,0.0,0.0,0.0,0.0,0.0,0.0,0.0,0.0,0.0,0.0,0.0,0.015,0.015,0.011,0.006,0.003,-0.003,-0.007,-0.013,-0.018,-0.02,-0.023,-0.023,-0.026,-0.028,-0.027,-0.027,-0.027,-0.026,-0.025,-0.025,-0.023,-0.021,-0.018,-0.015,-0.013,-0.011,-0.009,-0.007,-0.005,-0.004,-0.003,-0.002,-0.001,-0.001,-0.0,0.0,0.001,0.002,0.004,0.006
-0.014,-0.015,-0.015,-0.013,-0.011,-0.008,-0.005,-0.002,-0.003,-0.016,-0.007,-0.004,-0.003,0.0,0.006,0.012,0.015,0.015,0.014,0.011,0.008,0.006,0.005,0.007,0.013,0.02,0.027,0.036,0.043,0.049,0.052,0.053,0.05,0.046,0.041,0.024,0.0,0.0,0.0,0.0,0.0,0.0,0.0,0.0,0.0,0.0,0.005,0.005,0.005,0.002,-0.001,-0.003,-0.006,-0.01,-0.015,-0.02,-0.023,-0.025,-0.026,-0.028,-0.029,-0.028,-0.027,-0.027,-0.026,-0.024,-0.023,-0.021,-0.018,-0.015,-0.013,-0.01,-0.008,-0.005,-0.004,-0.003,-0.002,-0.002,-0.001,-0.001,-0.001,-0.0,-0.0,0.0,0.001,0.002,0.004
-0.014,-0.015,-0.013,-0.011,-0.008,-0.006,-0.003,-0.002,-0.008,-0.02,-0.011,-0.008,-0.008,-0.005,-0.003,0.002,0.005,0.006,0.006,0.006,0.005,0.004,0.005,0.009,0.016,0.023,0.032,0.041,0.05,0.056,0.058,0.056,0.05,0.04,0.0,0.0,0.0,0.0,0.0,0.0,0.0,0.0,0.0,0.0,0.0,0.0,-0.001,-0.001,-0.002,-0.006,-0.009,-0.012,-0.014,-0.018,-0.021,-0.025,-0.026,-0.027,-0.028,-0.028,-0.029,-0.028,-0.027,-0.026,-0.025,-0.023,-0.02,-0.018,-0.015,-0.012,-0.01,-0.007,-0.005,-0.003,-0.002,-0.001,-0.001,-0.002,-0.002,-0.002,-0.002,-0.002,-0.001,-0.001,-0.001,-0.001,0.001
-0.015,-0.014,-0.012,-0.01,-0.007,-0.006,-0.004,-0.003,-0.012,-0.026,-0.015,-0.011,-0.008,-0.007,-0.009,-0.005,-0.001,0.001,0.002,0.002,0.003,0.003,0.005,0.008,0.012,0.018,0.027,0.038,0.054,0.066,0.071,0.066,0.053,0.038,0.014,0.0,0.0,0.0,0.0,0.0,0.0,0.0,0.0,0.0,0.0,0.0,-0.005,-0.006,-0.009,-0.013,-0.017,-0.021,-0.023,-0.026,-0.028,-0.029,-0.03,-0.029,-0.029,-0.029,-0.028,-0.027,-0.026,-0.025,-0.023,-0.02,-0.018,-0.015,-0.012,-0.009,-0.007,-0.005,-0.003,-0.001,-0.001,-0.001,-0.001,-0.003,-0.003,-0.003,-0.003,-0.003,-0.003,-0.003,-0.004,-0.004,-0.004
-0.015,-0.014,-0.012,-0.01,-0.008,-0.007,-0.006,-0.006,-0.019,-0.035,-0.017,-0.012,-0.011,-0.012,-0.015,-0.007,-0.004,-0.002,-0.001,0.0,-0.0,-0.001,-0.001,-0.001,-0.001,-0.001,0.001,0.015,0.04,0.067,0.081,0.075,0.059,0.039,0.021,0.0,0.0,0.0,0.0,0.0,0.0,0.0,0.016,0.0,0.0,0.016,-0.015,-0.022,-0.021,-0.023,-0.026,-0.029,-0.032,-0.033,-0.033,-0.034,-0.033,-0.032,-0.031,-0.029,-0.028,-0.027,-0.025,-0.023,-0.021,-0.018,-0.016,-0.013,-0.01,-0.008,-0.006,-0.004,-0.002,-0.0,0.0,-0.002,-0.003,-0.004,-0.005,-0.006,-0.006,-0.005,-0.005,-0.006,-0.006,-0.007,-0.008
-0.016,-0.014,-0.012,-0.011,-0.01,-0.009,-0.009,-0.012,-0.028,-0.036,-0.019,-0.015,-0.015,-0.018,-0.018,-0.009,-0.007,-0.005,-0.004,-0.004,-0.006,-0.008,-0.011,-0.016,-0.025,-0.04,-0.047,-0.041,-0.016,0.024,0.059,0.059,0.048,0.03,0.014,0.0,0.0,0.003,-0.005,-0.013,-0.015,-0.019,-0.023,-0.03,-0.043,-0.046,-0.047,-0.045,-0.036,-0.033,-0.034,-0.036,-0.038,-0.039,-0.038,-0.037,-0.036,-0.034,-0.032,-0.029,-0.028,-0.026,-0.024,-0.022,-0.019,-0.017,-0.014,-0.011,-0.008,-0.007,-0.005,-0.003,-0.001,-0.0,-0.0,-0.004,-0.006,-0.008,-0.008,-0.007,-0.007,-0.006,-0.007,-0.008,-0.01,-0.012,-0.014
-0.018,-0.016,-0.014,-0.013,-0.012,-0.012,-0.012,-0.019,-0.035,-0.039,-0.02,-0.017,-0.018,-0.019,-0.017,-0.012,-0.01,-0.008,-0.008,-0.011,-0.014,-0.017,-0.022,-0.032,-0.05,-0.079,-0.102,-0.117,-0.117,-0.081,-0.023,0.01,0.009,-0.007,-0.008,0.0,0.0,-0.032,-0.035,-0.04,-0.044,-0.055,-0.061,-0.062,-0.061,-0.057,-0.055,-0.055,-0.05,-0.042,-0.04,-0.041,-0.042,-0.042,-0.041,-0.039,-0.037,-0.035,-0.032,-0.03,-0.027,-0.025,-0.023,-0.02,-0.018,-0.015,-0.012,-0.01,-0.008,-0.007,-0.005,-0.004,-0.004,-0.004,-0.007,-0.008,-0.01,-0.009,-0.008,-0.008,-0.008,-0.008,-0.009,-0.011,-0.013,-0.015,-0.018
-0.02,-0.018,-0.017,-0.016,-0.016,-0.016,-0.017,-0.028,-0.039,-0.04,-0.023,-0.02,-0.018,-0.018,-0.017,-0.014,-0.012,-0.012,-0.014,-0.018,-0.021,-0.024,-0.03,-0.04,-0.067,-0.101,-0.133,-0.168,-0.194,-0.211,-0.18,-0.114,-0.071,-0.101,-0.199,-0.229,-0.151,-0.074,-0.055,-0.057,-0.054,-0.053,-0.054,-0.055,-0.057,-0.057,-0.057,-0.056,-0.056,-0.05,-0.045,-0.044,-0.044,-0.044,-0.042,-0.04,-0.038,-0.035,-0.033,-0.03,-0.027,-0.024,-0.021,-0.019,-0.016,-0.014,-0.012,-0.01,-0.008,-0.007,-0.006,-0.005,-0.005,-0.006,-0.009,-0.014,-0.013,-0.009,-0.008,-0.009,-0.01,-0.01,-0.011,-0.013,-0.015,-0.017,-0.019
-0.024,-0.022,-0.021,-0.02,-0.02,-0.02,-0.023,-0.035,-0.044,-0.039,-0.025,-0.021,-0.02,-0.018,-0.017,-0.016,-0.016,-0.018,-0.02,-0.025,-0.025,-0.027,-0.033,-0.043,-0.065,-0.092,-0.122,-0.155,-0.189,-0.22,-0.244,-0.238,-0.216,-0.224,-0.264,-0.262,-0.191,-0.109,-0.076,-0.07,-0.064,-0.059,-0.057,-0.056,-0.057,-0.058,-0.058,-0.057,-0.059,-0.055,-0.048,-0.046,-0.045,-0.044,-0.043,-0.041,-0.038,-0.035,-0.033,-0.03,-0.026,-0.023,-0.02,-0.018,-0.015,-0.013,-0.011,-0.01,-0.009,-0.008,-0.007,-0.007,-0.008,-0.01,-0.014,-0.017,-0.012,-0.01,-0.01,-0.011,-0.011,-0.011,-0.013,-0.014,-0.016,-0.017,-0.019
-0.028,-0.026,-0.025,-0.025,-0.024,-0.024,-0.028,-0.042,-0.049,-0.036,-0.026,-0.023,-0.021,-0.02,-0.019,-0.018,-0.019,-0.022,-0.025,-0.027,-0.026,-0.029,-0.033,-0.04,-0.05,-0.064,-0.08,-0.101,-0.127,-0.156,-0.187,-0.204,-0.216,-0.233,-0.258,-0.243,-0.2,-0.128,-0.099,-0.082,-0.073,-0.068,-0.064,-0.061,-0.059,-0.059,-0.059,-0.058,-0.059,-0.057,-0.052,-0.047,-0.045,-0.044,-0.042,-0.04,-0.038,-0.034,-0.032,-0.029,-0.026,-0.022,-0.019,-0.017,-0.015,-0.013,-0.012,-0.011,-0.01,-0.009,-0.009,-0.01,-0.011,-0.014,-0.018,-0.016,-0.011,-0.011,-0.012,-0.011,-0.012,-0.013,-0.014,-0.016,-0.017,-0.018,-0.019
-0.033,-0.031,-0.03,-0.03,-0.03,-0.03,-0.034,-0.044,-0.046,-0.035,-0.027,-0.024,-0.023,-0.022,-0.021,-0.021,-0.023,-0.025,-0.027,-0.026,-0.026,-0.029,-0.032,-0.035,-0.036,-0.037,-0.037,-0.043,-0.055,-0.079,-0.108,-0.136,-0.166,-0.187,-0.213,-0.214,-0.186,-0.129,-0.106,-0.089,-0.078,-0.072,-0.068,-0.064,-0.061,-0.06,-0.059,-0.059,-0.057,-0.058,-0.059,-0.048,-0.045,-0.043,-0.042,-0.04,-0.037,-0.034,-0.031,-0.028,-0.024,-0.021,-0.019,-0.017,-0.015,-0.014,-0.013,-0.012,-0.011,-0.011,-0.011,-0.012,-0.013,-0.015,-0.016,-0.015,-0.014,-0.013,-0.012,-0.012,-0.012,-0.014,-0.016,-0.017,-0.018,-0.019,-0.02
-0.037,-0.035,-0.035,-0.034,-0.034,-0.034,-0.037,-0.043,-0.044,-0.034,-0.028,-0.026,-0.025,-0.024,-0.023,-0.024,-0.026,-0.026,-0.027,-0.027,-0.027,-0.029,-0.031,-0.032,-0.032,-0.028,-0.022,-0.018,-0.02,-0.032,-0.053,-0.08,-0.11,-0.14,-0.167,-0.199,-0.158,-0.12,-0.1,-0.088,-0.078,-0.072,-0.069,-0.065,-0.062,-0.06,-0.058,-0.057,-0.057,-0.058,-0.058,-0.049,-0.046,-0.043,-0.041,-0.039,-0.036,-0.033,-0.03,-0.026,-0.023,-0.021,-0.019,-0.017,-0.016,-0.015,-0.014,-0.013,-0.012,-0.012,-0.012,-0.012,-0.013,-0.014,-0.015,-0.015,-0.015,-0.014,-0.013,-0.013,-0.015,-0.018,-0.018,-0.017,-0.018,-0.02,-0.02
-0.04,-0.039,-0.037,-0.037,-0.037,-0.037,-0.038,-0.041,-0.04,-0.033,-0.029,-0.027,-0.026,-0.025,-0.025,-0.025,-0.027,-0.027,-0.028,-0.027,-0.028,-0.029,-0.03,-0.031,-0.03,-0.029,-0.027,-0.025,-0.025,-0.031,-0.043,-0.06,-0.086,-0.115,-0.145,-0.154,-0.131,-0.11,-0.092,-0.082,-0.076,-0.071,-0.068,-0.065,-0.062,-0.06,-0.058,-0.057,-0.057,-0.058,-0.054,-0.048,-0.045,-0.043,-0.04,-0.038,-0.035,-0.032,-0.029,-0.025,-0.023,-0.021,-0.02,-0.018,-0.017,-0.016,-0.015,-0.014,-0.013,-0.013,-0.013,-0.013,-0.014,-0.014,-0.015,-0.016,-0.015,-0.015,-0.016,-0.016,-0.019,-0.021,-0.018,-0.018,-0.019,-0.019,-0.02
-0.042,-0.041,-0.039,-0.038,-0.038,-0.038,-0.038,-0.038,-0.036,-0.032,-0.03,-0.028,-0.027,-0.026,-0.025,-0.026,-0.027,-0.028,-0.028,-0.028,-0.028,-0.029,-0.03,-0.031,-0.031,-0.032,-0.033,-0.035,-0.039,-0.043,-0.052,-0.065,-0.081,-0.1,-0.113,-0.12,-0.122,-0.099,-0.084,-0.077,-0.072,-0.069,-0.066,-0.066,-0.063,-0.059,-0.058,-0.057,-0.056,-0.056,-0.052,-0.047,-0.043,-0.041,-0.039,-0.036,-0.034,-0.031,-0.028,-0.024,-0.023,-0.022,-0.02,-0.02,-0.019,-0.017,-0.016,-0.015,-0.014,-0.014,-0.014,-0.014,-0.015,-0.016,-0.016,-0.016,-0.017,-0.017,-0.018,-0.02,-0.021,-0.019,-0.018,-0.019,-0.02,-0.02,-0.02
-0.042,-0.041,-0.039,-0.038,-0.037,-0.037,-0.036,-0.035,-0.033,-0.031,-0.029,-0.028,-0.027,-0.026,-0.026,-0.027,-0.028,-0.028,-0.028,-0.028,-0.028,-0.029,-0.03,-0.031,-0.033,-0.034,-0.037,-0.04,-0.045,-0.05,-0.058,-0.068,-0.078,-0.087,-0.094,-0.104,-0.1,-0.089,-0.08,-0.074,-0.07,-0.067,-0.065,-0.064,-0.061,-0.059,-0.057,-0.057,-0.055,-0.053,-0.05,-0.046,-0.042,-0.039,-0.037,-0.035,-0.032,-0.03,-0.027,-0.025,-0.024,-0.023,-0.022,-0.021,-0.02,-0.019,-0.018,-0.016,-0.015,-0.014,-0.017,-0.017,-0.017,-0.017,-0.017,-0.018,-0.019,-0.019,-0.019,-0.019,-0.019,-0.018,-0.02,-0.021,-0.021,-0.021,-0.02
-0.043,-0.041,-0.039,-0.038,-0.037,-0.036,-0.034,-0.033,-0.032,-0.03,-0.029,-0.028,-0.027,-0.027,-0.026,-0.027,-0.028,-0.028,-0.028,-0.028,-0.029,-0.03,-0.031,-0.032,-0.034,-0.036,-0.039,-0.043,-0.047,-0.052,-0.059,-0.066,-0.073,-0.078,-0.082,-0.085,-0.084,-0.079,-0.075,-0.075,-0.069,-0.065,-0.062,-0.061,-0.059,-0.057,-0.056,-0.055,-0.053,-0.051,-0.048,-0.044,-0.04,-0.038,-0.036,-0.033,-0.031,-0.03,-0.027,-0.027,-0.025,-0.024,-0.023,-0.022,-0.021,-0.021,-0.019,-0.018,-0.017,-0.017,-0.02,-0.019,-0.019,-0.019,-0.02,-0.02,-0.02,-0.02,-0.02,-0.02,-0.02,-0.021,-0.022,-0.022,-0.022,-0.021,-0.021
-0.043,-0.041,-0.039,-0.038,-0.036,-0.035,-0.034,-0.032,-0.031,-0.03,-0.029,-0.027,-0.027,-0.027,-0.027,-0.027,-0.027,-0.028,-0.028,-0.028,-0.028,-0.029,-0.031,-0.034,-0.036,-0.038,-0.04,-0.044,-0.047,-0.052,-0.056,-0.061,-0.067,-0.071,-0.072,-0.075,-0.075,-0.072,-0.073,-0.072,-0.065,-0.062,-0.06,-0.058,-0.057,-0.055,-0.055,-0.053,-0.051,-0.048,-0.045,-0.041,-0.039,-0.036,-0.034,-0.032,-0.031,-0.03,-0.03,-0.029,-0.027,-0.025,-0.024,-0.024,-0.023,-0.022,-0.02,-0.02,-0.02,-0.021,-0.024,-0.023,-0.021,-0.021,-0.022,-0.022,-0.021,-0.02,-0.021,-0.021,-0.022,-0.023,-0.024,-0.023,-0.022,-0.022,-0.022
-0.043,-0.041,-0.04,-0.038,-0.037,-0.035,-0.034,-0.032,-0.031,-0.03,-0.029,-0.028,-0.028,-0.027,-0.027,-0.027,-0.027,-0.027,-0.028,-0.028,-0.028,-0.03,-0.032,-0.035,-0.036,-0.038,-0.041,-0.043,-0.047,-0.051,-0.054,-0.057,-0.064,-0.065,-0.067,-0.067,-0.068,-0.068,-0.067,-0.065,-0.062,-0.06,-0.058,-0.056,-0.054,-0.054,-0.053,-0.051,-0.049,-0.046,-0.043,-0.04,-0.037,-0.035,-0.033,-0.031,-0.031,-0.03,-0.029,-0.029,-0.028,-0.027,-0.026,-0.025,-0.024,-0.023,-0.023,-0.023,-0.024,-0.026,-0.028,-0.024,-0.024,-0.024,-0.024,-0.022,-0.022,-0.022,-0.023,-0.023,-0.023,-0.024,-0.024,-0.023,-0.023,-0.023,-0.022
-0.044,-0.042,-0.04,-0.038,-0.037,-0.036,-0.034,-0.033,-0.032,-0.031,-0.03,-0.029,-0.028,-0.028,-0.027,-0.027,-0.027,-0.027,-0.027,-0.028,-0.029,-0.031,-0.034,-0.035,-0.037,-0.039,-0.041,-0.043,-0.047,-0.052,-0.053,-0.056,-0.061,-0.061,-0.063,-0.062,-0.063,-0.062,-0.062,-0.06,-0.058,-0.057,-0.056,-0.054,-0.053,-0.052,-0.051,-0.049,-0.046,-0.043,-0.04,-0.038,-0.036,-0.034,-0.032,-0.031,-0.03,-0.029,-0.029,-0.029,-0.029,-0.029,-0.027,-0.026,-0.026,-0.025,-0.025,-0.025,-0.026,-0.027,-0.027,-0.026,-0.025,-0.025,-0.025,-0.024,-0.024,-0.024,-0.024,-0.023,-0.024,-0.024,-0.023,-0.023,-0.023,-0.022,-0.022
-0.044,-0.043,-0.041,-0.039,-0.038,-0.037,-0.035,-0.034,-0.033,-0.032,-0.031,-0.03,-0.029,-0.029,-0.028,-0.028,-0.028,-0.028,-0.028,-0.028,-0.031,-0.033,-0.035,-0.036,-0.037,-0.039,-0.041,-0.044,-0.047,-0.05,-0.051,-0.054,-0.057,-0.058,-0.059,-0.058,-0.058,-0.058,-0.057,-0.056,-0.055,-0.055,-0.054,-0.053,-0.052,-0.05,-0.049,-0.047,-0.044,-0.041,-0.038,-0.037,-0.035,-0.033,-0.031,-0.03,-0.029,-0.029,-0.029,-0.03,-0.03,-0.03,-0.029,-0.028,-0.027,-0.027,-0.026,-0.026,-0.027,-0.027,-0.027,-0.026,-0.026,-0.026,-0.026,-0.025,-0.025,-0.025,-0.024,-0.024,-0.024,-0.024,-0.023,-0.023,-0.023,-0.023,-0.023
-0.044,-0.043,-0.042,-0.04,-0.039,-0.037,-0.036,-0.035,-0.034,-0.033,-0.032,-0.031,-0.031,-0.03,-0.03,-0.029,-0.029,-0.029,-0.029,-0.03,-0.033,-0.033,-0.035,-0.036,-0.037,-0.039,-0.041,-0.043,-0.046,-0.048,-0.049,-0.051,-0.053,-0.054,-0.055,-0.055,-0.054,-0.054,-0.054,-0.053,-0.053,-0.053,-0.052,-0.051,-0.049,-0.048,-0.046,-0.044,-0.042,-0.039,-0.036,-0.035,-0.034,-0.033,-0.032,-0.029,-0.03,-0.032,-0.031,-0.03,-0.03,-0.031,-0.029,-0.028,-0.028,-0.028,-0.027,-0.027,-0.027,-0.027,-0.027,-0.027,-0.027,-0.027,-0.026,-0.026,-0.026,-0.026,-0.026,-0.025,-0.025,-0.024,-0.023,-0.023,-0.023,-0.023,-0.023
-0.045,-0.044,-0.043,-0.041,-0.039,-0.038,-0.037,-0.036,-0.035,-0.035,-0.034,-0.033,-0.033,-0.032,-0.031,-0.031,-0.031,-0.031,-0.03,-0.032,-0.033,-0.033,-0.035,-0.036,-0.038,-0.039,-0.042,-0.043,-0.045,-0.046,-0.047,-0.048,-0.05,-0.051,-0.052,-0.051,-0.051,-0.051,-0.051,-0.051,-0.051,-0.05,-0.051,-0.048,-0.047,-0.047,-0.044,-0.042,-0.04,-0.038,-0.036,-0.035,-0.034,-0.033,-0.033,-0.031,-0.034,-0.035,-0.033,-0.03,-0.03,-0.031,-0.03,-0.03,-0.029,-0.028,-0.028,-0.027,-0.028,-0.028,-0.027,-0.027,-0.027,-0.027,-0.027,-0.027,-0.027,-0.027,-0.027,-0.026,-0.025,-0.025,-0.024,-0.024,-0.024,-0.024,-0.024
-0.046,-0.045,-0.043,-0.042,-0.04,-0.039,-0.038,-0.037,-0.037,-0.037,-0.036,-0.035,-0.035,-0.034,-0.033,-0.032,-0.032,-0.031,-0.032,-0.033,-0.033,-0.035,-0.037,-0.037,-0.038,-0.039,-0.041,-0.042,-0.044,-0.044,-0.045,-0.046,-0.047,-0.047,-0.047,-0.049,-0.05,-0.05,-0.049,-0.048,-0.048,-0.048,-0.049,-0.047,-0.047,-0.045,-0.041,-0.04,-0.038,-0.037,-0.036,-0.035,-0.034,-0.034,-0.034,-0.035,-0.037,-0.037,-0.035,-0.032,-0.031,-0.031,-0.031,-0.03,-0.029,-0.029,-0.028,-0.028,-0.028,-0.028,-0.028,-0.029,-0.029,-0.029,-0.028,-0.028,-0.027,-0.027,-0.026,-0.025,-0.025,-0.025,-0.024,-0.024,-0.025,-0.025,-0.024
-0.046,-0.045,-0.043,-0.042,-0.041,-0.04,-0.04,-0.039,-0.039,-0.038,-0.037,-0.037,-0.036,-0.035,-0.035,-0.034,-0.033,-0.033,-0.032,-0.032,-0.034,-0.04,-0.038,-0.038,-0.039,-0.04,-0.041,-0.042,-0.043,-0.044,-0.044,-0.044,-0.045,-0.045,-0.046,-0.048,-0.049,-0.047,-0.046,-0.046,-0.046,-0.047,-0.048,-0.047,-0.046,-0.041,-0.039,-0.039,-0.038,-0.037,-0.036,-0.035,-0.036,-0.036,-0.036,-0.036,-0.037,-0.038,-0.036,-0.033,-0.032,-0.032,-0.032,-0.03,-0.03,-0.029,-0.029,-0.029,-0.029,-0.03,-0.031,-0.03,-0.03,-0.029,-0.029,-0.028,-0.028,-0.027,-0.026,-0.026,-0.025,-0.025,-0.025,-0.025,-0.026,-0.026,-0.026
