current_data/cl_ri_2024-08-02_20.00.json
{"header": {"parameterNumberName": "Eastward current", "parameterNumber": 2, "parameterUnit": "m.s-1", "parameterCategory": 2, "refTime": "2024-08-02 20:00:00", "ny": 161, "lo1": -71.5, "lo2": -71.0, "la1": 41.79999923706055, "dx": 0.00250244140625, "dy": 0.002498626708984375, "nx": 201, "la2": 41.400001525878906}, "data":
[rows 117 to 155 of 161, columns 0 to 86 of 201]
0.0,0.0,0.0,0.0,0.0,0.0,0.0,0.0,0.0,0.0,0.0,0.0,0.0,0.0,0.0,0.0,0.0,0.0,0.0,0.0,0.01,0.0,0.0,0.0,0.0,0.0,0.0,0.0,0.0,0.0,0.0,0.0,0.0,0.0,0.109,0.133,0.159,0.171,0.173,0.094,0.007,-0.07,-0.118,-0.056,-0.032,-0.052,-0.066,0.0,0.0,0.0,0.0,0.0,0.0,0.0,0.0,0.0,0.0,0.006,0.045,0.04,0.056,0.081,0.11,0.121,0.074,-0.018,-0.061,-0.071,0.0,0.0,0.0,0.0,0.0,0.0,0.0,0.0,0.0,0.0,0.0,0.0,0.0,0.0,0.0,0.0,0.0,0.0,0.0
0.0,0.0,0.0,0.0,0.0,0.0,0.0,0.0,0.0,0.0,0.0,0.0,0.0,0.0,0.0,0.0,0.0,0.0,0.0,0.0,0.008,0.0,0.0,0.0,0.0,0.0,0.0,0.0,0.0,0.0,0.0,0.0,0.0,0.045,0.076,0.082,0.132,0.146,0.117,0.0,0.0,0.0,-0.027,0.052,0.069,0.04,0.016,0.009,0.0,0.0,0.0,0.0,0.0,0.0,0.0,0.0,0.0,0.104,0.058,0.063,0.065,0.085,0.123,0.138,0.053,-0.066,-0.087,-0.106,-0.178,0.0,-0.026,0.0,0.0,0.0,0.0,0.0,0.0,0.0,0.0,0.0,0.0,0.0,0.0,0.0,0.0,0.0,0.0
0.0,0.0,0.0,0.0,0.0,0.0,0.0,0.0,0.0,0.0,0.0,0.0,0.0,0.0,0.0,0.0,0.0,0.0,0.0,0.0,0.005,0.0,0.0,0.0,0.0,0.0,0.0,0.0,0.0,0.0,0.0,0.0,0.0,0.094,0.045,0.015,0.075,0.094,0.018,0.0,0.0,0.094,0.206,0.184,0.135,0.092,0.059,0.031,0.0,0.0,0.0,0.0,0.0,0.0,0.0,0.0,0.059,0.119,0.082,0.064,0.053,0.071,0.121,0.115,0.031,-0.071,-0.077,-0.084,-0.079,-0.086,-0.027,-0.011,0.0,0.0,0.0,0.0,0.0,0.0,0.0,0.0,0.0,0.0,0.0,0.0,0.0,0.0,0.0
0.0,0.0,0.0,0.0,0.0,0.0,0.0,0.0,0.0,0.0,0.0,0.0,0.0,0.0,0.0,0.0,0.0,0.0,0.0,0.0,-0.009,0.0,0.0,0.0,0.0,0.0,0.0,0.0,0.0,0.0,0.0,0.0,0.012,0.032,0.007,-0.022,-0.012,-0.016,-0.055,0.0,0.303,0.407,0.302,0.215,0.161,0.101,0.053,0.0,0.0,0.0,0.0,0.0,0.0,0.0,0.0,0.103,0.1,0.071,0.064,0.037,0.025,0.04,0.083,0.058,0.0,-0.019,-0.037,-0.028,-0.007,-0.005,-0.001,0.006,0.0,0.0,0.0,0.0,0.0,0.0,0.0,0.0,0.0,0.0,0.0,0.0,0.0,0.0,0.0
0.0,0.0,0.0,0.0,0.0,0.0,0.0,0.0,0.0,0.0,0.0,0.0,0.0,0.0,0.0,0.0,0.0,0.0,0.0,0.0,-0.015,0.0,0.0,0.0,0.0,0.0,0.0,0.0,0.0,0.0,0.0,0.0,0.002,-0.014,-0.019,-0.03,-0.051,-0.067,0.036,0.206,0.31,0.346,0.285,0.195,0.11,0.051,0.0,0.0,0.0,0.0,0.0,0.0,0.0,0.0,0.016,0.027,0.025,0.011,-0.007,-0.019,-0.017,-0.007,-0.009,0.0,0.0,0.075,0.053,0.051,0.055,0.041,0.01,0.0,0.0,0.0,0.0,0.0,0.0,0.0,0.0,0.0,0.0,0.0,0.0,0.0,0.0,0.0,0.0
0.0,0.0,0.0,0.0,0.0,0.0,0.0,0.0,0.0,0.0,0.0,0.0,0.0,0.0,0.0,0.0,0.0,0.0,0.0,0.0,-0.017,0.0,0.0,0.0,0.0,0.0,0.0,0.0,0.0,0.0,0.0,0.0,-0.033,-0.053,-0.043,-0.036,-0.043,-0.032,0.061,0.177,0.214,0.075,-0.033,-0.022,-0.007,0.008,0.006,0.0,0.0,0.0,0.0,0.0,0.0,0.0,-0.018,-0.03,-0.038,-0.048,-0.072,-0.081,-0.06,-0.047,-0.079,0.0,0.172,0.223,0.116,0.086,0.083,0.044,0.001,0.002,0.0,0.0,0.0,0.0,0.0,0.0,0.0,0.0,0.0,0.0,0.0,0.0,0.0,0.0,0.0
0.0,0.0,0.0,0.0,0.0,0.0,0.0,0.0,0.0,0.0,0.0,0.0,0.0,0.0,0.0,0.0,0.0,0.0,0.0,0.0,0.0,0.0,0.0,0.0,0.0,0.0,0.0,0.0,0.0,0.0,0.0,0.0,-0.03,-0.064,-0.065,-0.048,-0.031,-0.011,0.029,0.067,0.031,0.0,-0.059,-0.065,-0.036,0.0,0.006,0.0,0.0,0.0,0.0,0.0,0.0,0.0,0.0,-0.055,-0.079,-0.097,-0.125,-0.125,-0.067,-0.016,-0.007,-0.006,0.083,0.154,0.131,0.089,0.067,0.0,-0.013,-0.014,0.0,0.0,0.0,0.0,0.0,0.0,0.0,0.0,0.0,0.0,0.0,0.0,0.0,0.0,0.0
0.0,0.0,0.0,0.0,0.0,0.0,0.0,0.0,0.0,0.0,0.0,0.0,0.0,0.0,0.0,0.0,0.0,0.0,0.0,0.0,0.0,0.008,0.0,0.0,0.0,0.0,0.0,0.0,0.0,0.0,0.0,0.0,0.0,-0.049,-0.059,-0.036,-0.023,-0.016,-0.024,-0.05,0.0,0.0,0.0,0.0,0.0,0.0,0.0,0.0,0.0,0.0,0.0,0.0,0.0,0.0,0.0,-0.034,-0.076,-0.105,-0.149,-0.173,-0.08,-0.007,0.035,0.061,0.107,0.147,0.132,0.092,0.03,0.0,-0.018,-0.045,0.0,0.0,0.0,0.0,0.0,0.0,0.0,0.0,0.0,0.0,0.0,0.0,0.0,0.0,0.0
0.0,0.0,0.0,0.0,0.0,0.0,0.0,0.0,0.0,0.0,0.0,0.0,0.0,0.0,0.0,0.0,0.0,0.0,0.0,0.0,0.0,0.0,0.0,0.0,0.0,0.0,0.0,0.0,0.0,0.0,0.0,0.0,0.0,-0.025,-0.026,-0.026,-0.036,-0.044,-0.052,-0.093,-0.141,0.0,0.0,0.0,0.0,0.0,0.0,0.0,0.0,0.0,0.0,0.0,0.0,0.0,0.0,0.0,-0.028,-0.055,-0.096,-0.171,-0.107,-0.031,0.015,0.069,0.123,0.161,0.157,0.111,0.053,0.0,-0.01,-0.03,-0.029,-0.011,0.0,0.0,0.0,0.0,0.0,0.0,0.0,0.0,0.0,0.0,0.003,0.004,0.001
0.0,0.0,0.0,0.0,0.0,0.0,0.0,0.0,0.0,0.0,0.0,0.0,0.0,0.0,0.0,0.0,0.0,0.0,0.0,0.0,0.0,0.0,0.0,0.0,0.0,0.0,0.0,0.0,0.0,0.0,0.0,0.0,-0.022,-0.057,-0.011,-0.01,-0.044,-0.064,-0.056,-0.078,-0.074,0.0,0.0,0.0,0.0,0.0,-0.001,0.001,-0.0,0.0,0.0,0.0,0.0,0.0,0.0,0.0,0.053,0.049,0.04,-0.035,-0.046,0.022,0.054,0.091,0.148,0.199,0.201,0.147,0.071,0.0,0.008,0.017,0.012,0.004,0.0,0.0,0.0,0.0,0.0,0.0,0.0,0.0,0.0,0.011,0.012,0.01,0.007
0.0,0.0,0.0,0.0,0.0,0.0,0.0,0.0,0.0,0.0,0.0,0.0,0.0,0.0,0.0,0.0,0.0,0.0,0.0,0.0,0.0,0.0,0.0,0.0,0.0,0.0,0.0,0.0,0.0,0.0,0.0,0.0,0.0,-0.068,-0.058,-0.014,0.001,-0.01,-0.032,-0.053,-0.059,0.0,0.0,0.0,0.0,0.0,0.0,0.001,0.001,0.0,0.0,0.0,0.0,0.0,0.0,0.0,0.0,0.16,0.143,0.128,0.167,0.168,0.153,0.167,0.209,0.22,0.086,0.059,0.105,0.159,0.12,0.074,0.04,0.019,0.0,0.0,0.0,0.0,0.0,0.0,0.0,0.0,0.002,0.006,0.009,0.009,0.008
0.0,0.0,0.0,0.0,0.0,0.0,0.0,0.0,0.0,0.0,0.0,0.0,0.0,0.0,0.0,0.0,0.0,0.0,0.0,0.0,0.0,0.0,0.0,0.0,0.0,0.0,0.0,0.0,0.0,0.0,0.0,0.0,0.0,0.0,-0.036,-0.025,0.011,0.034,0.023,-0.015,-0.028,0.008,0.0,0.0,0.0,0.0,0.0,0.001,-0.0,-0.004,0.0,0.0,0.0,0.0,0.0,0.0,0.0,0.0,0.143,0.382,0.369,0.266,0.231,0.21,0.176,0.0,0.0,-0.022,0.034,0.084,0.088,0.069,0.05,0.02,0.0,0.0,0.0,0.0,0.0,0.0,0.0,0.0,0.001,0.007,0.008,0.008,0.006
0.0,0.0,0.0,0.0,0.0,0.0,0.0,0.0,0.0,0.0,0.0,0.0,0.0,0.0,0.0,0.0,0.0,0.0,0.0,0.0,0.0,0.0,0.0,0.0,0.0,0.0,0.0,0.0,0.0,0.0,0.0,0.0,0.0,0.0,0.019,0.012,0.022,0.037,0.035,0.019,0.024,0.0,0.0,0.0,0.0,0.0,0.0,0.002,0.002,0.003,0.0,0.0,-0.021,0.0,0.0,0.0,0.246,0.421,0.52,0.452,0.373,0.307,0.254,0.188,0.0,0.0,0.0,-0.011,0.003,0.027,0.052,0.046,0.038,0.0,0.0,0.0,0.0,0.0,0.0,0.0,0.0,0.0,0.006,0.008,0.006,0.004,0.001
0.0,0.0,0.0,0.0,0.0,0.0,0.0,0.0,0.0,0.0,0.0,0.0,0.0,0.0,0.0,0.0,0.0,0.0,0.0,0.0,0.0,0.0,0.0,0.0,0.0,0.0,0.0,0.0,0.0,0.0,0.0,0.0,0.0,0.0,0.091,0.068,0.05,0.043,0.036,0.051,0.049,0.0,0.0,0.0,0.0,0.0,0.0,0.001,0.007,0.044,0.0,0.0,0.346,0.285,0.304,0.319,0.324,0.386,0.462,0.467,0.357,0.272,0.202,0.0,0.0,0.0,0.0,-0.003,0.0,0.011,0.0,0.0,0.0,0.0,0.0,0.0,0.0,0.0,0.0,0.0,0.0,0.0,0.005,0.004,0.002,-0.001,-0.004
0.0,0.0,0.0,0.0,0.0,0.0,0.0,0.0,0.0,0.0,0.0,0.0,0.0,0.0,0.0,0.0,0.0,0.0,0.0,0.0,0.081,0.0,0.0,0.0,0.0,0.0,0.0,0.0,0.0,0.0,0.0,0.0,0.0,0.0,0.19,0.119,0.08,0.061,0.046,0.059,0.03,0.0,0.0,0.0,0.0,0.0,0.0,0.001,0.024,0.089,0.201,0.33,0.323,0.274,0.285,0.298,0.348,0.441,0.487,0.381,0.247,0.148,0.0,0.0,0.0,0.0,-0.002,-0.003,0.0,0.0,0.0,0.0,0.0,0.0,0.0,0.0,0.0,0.0,0.0,0.0,0.0,0.0,-0.001,-0.0,-0.002,-0.005,-0.008
0.0,0.0,0.0,0.0,0.0,0.0,0.0,0.0,0.0,0.0,0.0,0.0,0.0,0.0,0.0,0.0,0.0,0.0,0.0,0.0,-0.006,0.0,0.0,0.0,0.0,0.0,0.0,0.0,0.0,0.027,0.06,0.167,0.0,0.279,0.183,0.142,0.102,0.076,0.06,0.048,0.032,0.0,0.0,0.0,0.0,0.0,0.0,0.0,0.059,0.163,0.253,0.295,0.279,0.288,0.308,0.365,0.453,0.491,0.345,0.161,0.0,0.0,0.0,0.0,0.0,0.0,0.0,0.0,0.0,0.0,0.0,0.0,0.0,0.0,0.0,0.0,0.0,0.0,0.0,0.0,0.0,0.0,-0.001,-0.0,-0.003,-0.007,-0.01
0.0,0.0,0.0,0.0,0.0,0.0,0.0,0.0,0.0,0.0,0.0,0.0,0.0,0.0,0.0,0.0,0.0,0.0,0.0,0.0,-0.03,0.0,0.0,0.0,0.0,0.0,0.0,0.0,0.003,0.015,0.049,0.124,0.187,0.169,0.145,0.127,0.105,0.09,0.088,0.079,0.069,0.044,0.0,0.0,0.0,0.0,0.0,0.0,0.168,0.238,0.255,0.246,0.249,0.282,0.343,0.439,0.467,0.24,0.0,0.0,0.0,0.0,0.0,0.0,0.0,0.0,0.0,0.0,0.0,0.0,0.0,0.0,0.0,0.0,0.0,0.0,0.0,0.0,0.0,0.0,0.0,0.0,0.005,0.001,-0.003,-0.008,-0.012
0.0,0.0,0.0,0.0,0.0,0.0,0.0,0.0,0.0,0.0,0.0,0.0,0.0,0.0,0.0,0.0,0.0,0.0,0.0,0.0,0.027,0.0,0.0,0.0,0.0,0.0,0.0,0.0,-0.002,-0.009,0.009,0.056,0.098,0.11,0.106,0.1,0.097,0.099,0.103,0.102,0.088,0.0,0.0,0.0,0.0,0.0,0.0,0.173,0.218,0.195,0.174,0.163,0.195,0.267,0.325,0.374,0.094,0.0,0.0,0.0,0.0,0.0,0.0,0.0,0.0,0.0,0.0,0.0,0.0,0.0,0.0,0.0,0.0,0.0,0.0,0.0,0.0,0.0,0.0,0.0,0.009,0.007,-0.001,-0.004,-0.006,-0.01,-0.013
0.0,0.0,0.0,0.0,0.0,0.0,0.0,0.0,0.0,0.0,0.0,0.0,0.0,0.0,0.0,0.0,0.0,0.0,0.0,0.0,0.0,0.0,0.0,0.0,0.0,0.0,0.0,0.0,0.0,-0.017,-0.027,0.02,0.057,0.075,0.079,0.08,0.084,0.093,0.097,0.089,0.0,0.0,0.0,0.0,-0.002,0.053,0.207,0.197,0.137,0.104,0.08,0.097,0.162,0.22,0.219,0.0,0.0,0.0,0.0,0.0,0.0,0.0,0.0,0.0,0.0,0.0,0.0,0.0,0.0,0.0,0.0,0.0,0.0,0.0,0.0,0.0,0.0,0.0,0.0,-0.002,0.0,-0.002,-0.008,-0.014,-0.011,-0.013,-0.015
0.0,0.0,0.0,0.0,0.0,0.0,0.0,0.0,0.0,0.0,0.0,0.0,0.0,0.0,0.0,0.0,0.0,0.0,0.0,0.005,0.0,0.0,0.0,0.0,0.0,0.0,0.0,0.0,0.0,0.0,-0.024,0.01,0.043,0.059,0.066,0.068,0.071,0.077,0.07,0.043,0.0,0.0,0.0,0.0,0.0,0.068,0.12,0.101,0.06,0.037,0.053,0.096,0.116,0.119,0.077,-0.093,0.0,0.0,0.0,0.0,0.0,0.0,0.0,0.0,0.0,0.0,0.0,0.0,0.0,0.0,0.0,0.0,0.0,0.0,0.0,0.0,0.0,0.0,0.0,0.0,-0.005,-0.008,-0.014,-0.023,-0.017,-0.016,-0.016
0.0,0.0,0.0,0.0,0.0,0.0,0.0,0.0,0.0,0.0,0.0,0.0,0.0,0.0,0.0,0.0,0.0,0.0,0.0,-0.01,0.0,0.0,0.0,0.0,0.0,0.0,0.0,0.0,0.0,0.0,0.007,0.034,0.047,0.054,0.056,0.056,0.055,0.051,0.037,0.009,0.0,0.0,0.0,0.0,0.0,0.084,0.082,0.061,0.048,0.063,0.093,0.097,0.067,0.03,0.09,0.099,0.056,0.0,0.0,0.0,0.0,0.0,0.0,0.0,0.0,0.0,0.0,0.0,0.0,0.0,0.001,0.002,0.001,0.0,0.0,0.0,0.0,0.0,0.0,-0.002,-0.011,-0.015,-0.02,-0.028,-0.024,-0.019,-0.018
0.0,0.0,0.0,0.0,0.0,0.0,0.0,0.0,0.0,0.0,0.0,0.0,0.0,0.0,0.0,0.0,0.0,0.0,0.0,0.041,0.0,0.0,0.0,0.0,0.0,0.0,0.0,0.0,0.0,0.0,0.101,0.085,0.058,0.051,0.046,0.042,0.036,0.023,0.009,0.011,0.0,0.0,0.0,0.0,0.0,0.122,0.075,0.062,0.074,0.094,0.101,0.084,0.059,-0.013,0.009,0.062,0.043,0.0,0.0,0.0,0.0,0.0,0.0,0.0,0.0,0.0,0.0,0.0,0.0,-0.01,-0.02,-0.012,-0.004,0.0,0.0,0.0,0.0,0.0,0.0,-0.012,-0.018,-0.023,-0.026,-0.033,-0.029,-0.022,-0.02
0.0,0.0,0.0,0.0,0.0,0.0,0.0,0.0,0.0,0.0,0.0,0.0,0.0,0.0,0.0,0.0,0.0,0.0,0.0,0.081,0.0,0.0,0.0,0.0,0.0,0.0,0.0,0.0,0.0,0.074,0.091,0.075,0.056,0.044,0.036,0.028,0.017,0.003,-0.006,0.001,0.0,0.0,0.0,0.125,0.147,0.103,0.069,0.066,0.078,0.087,0.075,0.048,0.019,-0.057,-0.115,-0.044,-0.015,0.0,0.0,0.0,0.0,0.0,0.0,0.0,-0.005,0.0,-0.028,0.0,-0.039,-0.04,-0.044,-0.035,-0.028,-0.007,0.015,0.003,0.0,0.0,-0.035,-0.027,-0.03,-0.031,-0.032,-0.036,-0.034,-0.026,-0.023
0.0,0.0,0.0,0.0,0.0,0.0,0.0,0.0,0.0,0.0,0.0,0.0,0.0,0.0,0.0,0.0,0.0,0.0,-0.065,-0.081,0.0,0.0,0.0,0.0,0.0,0.0,0.0,0.0,0.03,0.061,0.07,0.059,0.048,0.036,0.024,0.015,0.004,-0.008,-0.025,-0.085,0.0,0.0,0.104,0.102,0.097,0.082,0.06,0.055,0.058,0.055,0.037,0.011,-0.017,-0.077,-0.168,-0.112,-0.03,0.006,0.0,0.0,0.0,-0.148,-0.092,-0.051,-0.057,-0.078,-0.073,-0.06,-0.054,-0.053,-0.054,-0.059,-0.071,-0.084,-0.103,-0.126,-0.097,-0.106,-0.066,-0.046,-0.042,-0.039,-0.038,-0.038,-0.036,-0.03,-0.026
0.0,0.0,0.0,0.0,0.0,0.0,0.0,0.0,0.0,0.0,0.0,0.0,0.0,0.0,0.0,0.0,-0.013,-0.025,-0.028,0.0,-0.145,0.0,0.0,0.0,0.0,0.0,0.0,0.0,0.03,0.072,0.066,0.047,0.037,0.027,0.015,0.004,-0.006,-0.019,-0.039,-0.1,-0.105,0.004,0.042,0.052,0.054,0.053,0.044,0.03,0.023,0.014,0.003,-0.01,-0.029,-0.082,-0.176,-0.3,-0.466,-0.59,-0.48,-0.277,-0.228,-0.224,-0.142,-0.08,-0.069,-0.084,-0.079,-0.069,-0.063,-0.061,-0.058,-0.058,-0.065,-0.091,-0.102,-0.137,-0.118,-0.111,-0.069,-0.057,-0.05,-0.046,-0.043,-0.041,-0.037,-0.033,-0.03
0.0,0.0,0.0,0.0,0.0,0.0,0.0,0.0,0.0,0.0,0.0,0.0,0.0,0.0,0.0,0.0,-0.009,0.001,0.0,0.0,-0.272,0.0,0.0,0.0,0.0,0.0,0.0,0.0,0.144,0.086,0.066,0.047,0.03,0.021,0.009,-0.003,-0.015,-0.026,-0.05,-0.094,-0.04,0.004,0.016,0.024,0.028,0.028,0.024,0.011,-0.006,-0.014,-0.021,-0.028,-0.04,-0.077,-0.152,-0.289,-0.446,-0.579,-0.395,-0.253,-0.256,-0.236,-0.15,-0.095,-0.093,-0.095,-0.085,-0.078,-0.073,-0.071,-0.067,-0.063,-0.063,-0.089,-0.089,-0.113,-0.118,-0.104,-0.071,-0.062,-0.056,-0.051,-0.048,-0.044,-0.04,-0.037,-0.034
0.0,0.0,0.0,0.0,0.0,0.0,0.0,0.0,0.0,0.0,0.0,0.0,0.0,0.0,0.0,-0.001,0.0,0.0,0.0,0.0,0.0,-0.329,0.0,0.0,0.0,0.0,0.096,0.111,0.096,0.071,0.052,0.048,0.035,0.02,0.009,-0.001,-0.014,-0.024,-0.045,-0.044,-0.013,0.0,0.009,0.014,0.017,0.015,0.011,-0.001,-0.011,-0.026,-0.037,-0.045,-0.056,-0.083,-0.16,-0.289,-0.42,-0.435,-0.306,-0.261,-0.254,-0.198,-0.142,-0.112,-0.105,-0.123,-0.092,-0.087,-0.085,-0.084,-0.081,-0.078,-0.078,-0.085,-0.092,-0.112,-0.107,-0.089,-0.074,-0.066,-0.059,-0.055,-0.051,-0.047,-0.044,-0.041,-0.039
0.0,0.0,0.0,0.0,0.0,0.0,0.0,0.0,0.0,0.0,0.0,0.0,0.0,0.0,0.0,0.0,0.0,0.0,0.0,0.0,0.0,0.0,-0.037,0.017,0.088,0.129,0.124,0.082,0.067,0.055,0.045,0.037,0.029,0.02,0.013,0.006,-0.004,-0.014,-0.026,-0.013,-0.003,0.003,0.009,0.012,0.012,0.009,-0.002,-0.011,-0.021,-0.033,-0.046,-0.059,-0.076,-0.111,-0.144,-0.264,-0.327,-0.326,-0.255,-0.239,-0.233,-0.17,-0.155,-0.133,-0.116,-0.113,-0.102,-0.095,-0.095,-0.093,-0.096,-0.092,-0.086,-0.088,-0.093,-0.109,-0.099,-0.091,-0.074,-0.065,-0.06,-0.056,-0.053,-0.049,-0.046,-0.044,-0.042
0.0,0.0,0.0,0.0,0.0,0.0,0.0,0.0,0.0,0.0,0.0,0.0,0.0,0.0,0.0,0.0,0.0,0.0,0.0,0.0,0.0,0.083,0.057,0.054,0.063,0.079,0.08,0.055,0.048,0.041,0.035,0.029,0.024,0.018,0.015,0.012,0.006,-0.002,-0.006,-0.002,0.0,0.003,0.006,0.008,0.009,-0.001,-0.013,-0.022,-0.031,-0.043,-0.056,-0.072,-0.09,-0.114,-0.158,-0.246,-0.249,-0.259,-0.225,-0.194,-0.193,-0.205,-0.186,-0.135,-0.118,-0.111,-0.103,-0.099,-0.096,-0.102,-0.105,-0.1,-0.089,-0.089,-0.089,-0.094,-0.098,-0.093,-0.078,-0.064,-0.059,-0.056,-0.053,-0.05,-0.048,-0.045,-0.043
0.0,0.0,0.0,0.0,0.0,0.0,0.0,0.0,0.0,0.0,0.0,0.0,0.0,0.0,0.0,0.0,0.0,0.0,0.0,0.0,0.048,0.049,0.045,0.041,0.041,0.048,0.051,0.04,0.035,0.031,0.025,0.021,0.017,0.014,0.012,0.01,0.008,0.005,0.002,0.001,0.0,0.0,-0.0,-0.001,-0.007,-0.014,-0.02,-0.03,-0.04,-0.052,-0.066,-0.081,-0.099,-0.122,-0.151,-0.2,-0.222,-0.242,-0.202,-0.173,-0.18,-0.216,-0.2,-0.153,-0.121,-0.11,-0.105,-0.102,-0.101,-0.102,-0.103,-0.102,-0.093,-0.086,-0.083,-0.087,-0.088,-0.094,-0.081,-0.069,-0.058,-0.055,-0.053,-0.05,-0.048,-0.046,-0.044
0.0,0.0,0.0,0.0,0.0,0.0,0.0,0.0,0.0,0.0,0.0,0.0,0.0,0.0,0.0,0.0,0.0,0.0,0.0,0.018,0.029,0.032,0.032,0.03,0.028,0.028,0.035,0.03,0.025,0.021,0.016,0.013,0.01,0.008,0.006,0.005,0.004,0.002,0.0,-0.001,-0.003,-0.005,-0.007,-0.009,-0.014,-0.024,-0.034,-0.046,-0.052,-0.061,-0.074,-0.088,-0.104,-0.124,-0.143,-0.19,-0.196,-0.222,-0.184,-0.175,-0.179,-0.202,-0.198,-0.166,-0.126,-0.113,-0.106,-0.104,-0.107,-0.101,-0.101,-0.098,-0.091,-0.086,-0.082,-0.083,-0.083,-0.084,-0.079,-0.069,-0.06,-0.056,-0.052,-0.05,-0.049,-0.046,-0.045
0.0,0.0,0.0,0.0,0.0,0.0,0.0,0.0,0.0,0.0,0.0,0.0,0.0,0.0,0.0,0.0,0.0,0.0,0.0,0.014,0.019,0.022,0.023,0.022,0.021,0.02,0.021,0.02,0.016,0.012,0.009,0.007,0.005,0.003,0.002,0.0,-0.001,-0.002,-0.004,-0.006,-0.008,-0.011,-0.013,-0.016,-0.023,-0.035,-0.047,-0.056,-0.061,-0.068,-0.078,-0.091,-0.106,-0.122,-0.14,-0.164,-0.184,-0.19,-0.176,-0.178,-0.174,-0.188,-0.186,-0.166,-0.129,-0.114,-0.106,-0.105,-0.109,-0.103,-0.098,-0.094,-0.09,-0.085,-0.081,-0.08,-0.078,-0.077,-0.072,-0.066,-0.06,-0.056,-0.052,-0.05,-0.049,-0.047,-0.045
0.0,0.0,0.0,0.0,0.0,0.0,0.0,0.0,0.0,0.0,0.0,0.0,0.0,0.0,0.0,0.0,0.0,0.0,0.001,0.006,0.009,0.012,0.014,0.015,0.014,0.014,0.014,0.012,0.009,0.007,0.006,0.004,0.002,0.001,-0.001,-0.002,-0.004,-0.006,-0.008,-0.011,-0.014,-0.018,-0.022,-0.027,-0.037,-0.048,-0.054,-0.06,-0.063,-0.07,-0.08,-0.091,-0.104,-0.117,-0.13,-0.145,-0.159,-0.163,-0.162,-0.176,-0.166,-0.176,-0.174,-0.154,-0.124,-0.117,-0.113,-0.105,-0.102,-0.103,-0.094,-0.093,-0.087,-0.083,-0.079,-0.076,-0.073,-0.071,-0.067,-0.063,-0.058,-0.055,-0.052,-0.051,-0.049,-0.047,-0.045
0.0,-0.004,0.0,0.0,0.0,0.0,0.0,0.0,0.0,0.0,0.0,0.0,0.0,0.0,0.0,0.0,0.0,0.0,0.0,-0.003,0.0,0.006,0.008,0.008,0.009,0.009,0.01,0.008,0.007,0.006,0.005,0.004,0.002,0.0,-0.002,-0.005,-0.007,-0.009,-0.012,-0.015,-0.02,-0.024,-0.029,-0.037,-0.049,-0.053,-0.059,-0.06,-0.062,-0.07,-0.08,-0.09,-0.101,-0.109,-0.119,-0.13,-0.138,-0.141,-0.15,-0.172,-0.166,-0.165,-0.154,-0.134,-0.115,-0.117,-0.123,-0.108,-0.098,-0.097,-0.092,-0.088,-0.084,-0.08,-0.076,-0.073,-0.069,-0.066,-0.063,-0.06,-0.057,-0.054,-0.052,-0.051,-0.049,-0.048,-0.045
0.0,-0.004,-0.003,0.0,0.0,0.0,0.0,0.0,0.0,0.0,0.0,0.0,0.0,0.0,0.0,0.0,0.0,0.0,0.0,-0.01,-0.002,0.003,0.004,0.005,0.005,0.006,0.007,0.007,0.007,0.007,0.006,0.004,0.002,-0.0,-0.003,-0.006,-0.009,-0.012,-0.016,-0.019,-0.023,-0.029,-0.035,-0.042,-0.048,-0.055,-0.059,-0.061,-0.065,-0.071,-0.079,-0.087,-0.095,-0.103,-0.112,-0.119,-0.126,-0.127,-0.138,-0.163,-0.166,-0.149,-0.132,-0.121,-0.11,-0.116,-0.127,-0.106,-0.095,-0.091,-0.088,-0.085,-0.08,-0.077,-0.074,-0.069,-0.066,-0.064,-0.061,-0.058,-0.056,-0.054,-0.053,-0.052,-0.05,-0.048,-0.046
0.0,0.002,0.006,0.0,0.0,0.0,0.0,0.0,0.0,0.0,0.0,0.0,0.0,0.0,0.0,0.0,0.0,0.0,0.0,-0.006,0.001,0.004,0.004,0.004,0.004,0.005,0.006,0.007,0.007,0.007,0.006,0.004,0.002,-0.001,-0.004,-0.009,-0.012,-0.015,-0.018,-0.022,-0.027,-0.032,-0.037,-0.042,-0.048,-0.053,-0.058,-0.062,-0.066,-0.071,-0.077,-0.084,-0.091,-0.098,-0.104,-0.111,-0.117,-0.12,-0.134,-0.149,-0.152,-0.135,-0.12,-0.111,-0.108,-0.117,-0.12,-0.103,-0.091,-0.087,-0.084,-0.081,-0.077,-0.074,-0.071,-0.066,-0.064,-0.062,-0.06,-0.057,-0.056,-0.054,-0.053,-0.051,-0.05,-0.048,-0.046
0.085,0.097,0.047,0.0,0.0,0.0,0.0,0.0,0.0,0.0,0.0,0.0,0.0,0.0,0.0,0.0,0.0,0.0,0.0,0.0,0.008,0.008,0.006,0.005,0.005,0.005,0.006,0.006,0.007,0.006,0.005,0.003,0.0,-0.003,-0.008,-0.01,-0.013,-0.017,-0.02,-0.024,-0.029,-0.033,-0.037,-0.042,-0.048,-0.052,-0.057,-0.061,-0.065,-0.07,-0.075,-0.081,-0.087,-0.093,-0.099,-0.104,-0.11,-0.114,-0.123,-0.133,-0.131,-0.126,-0.113,-0.107,-0.106,-0.107,-0.116,-0.099,-0.089,-0.084,-0.08,-0.077,-0.074,-0.071,-0.068,-0.064,-0.062,-0.06,-0.059,-0.057,-0.055,-0.054,-0.052,-0.052,-0.05,-0.049,-0.047
0.007,0.0,0.0,0.0,0.0,0.0,0.0,0.0,0.0,0.0,0.0,0.0,0.0,0.0,0.0,0.0,0.0,0.0,0.0,0.0,0.008,0.01,0.009,0.008,0.007,0.007,0.006,0.006,0.005,0.004,0.002,0.0,-0.003,-0.006,-0.009,-0.011,-0.014,-0.018,-0.022,-0.025,-0.03,-0.034,-0.037,-0.042,-0.047,-0.051,-0.056,-0.059,-0.063,-0.067,-0.072,-0.077,-0.084,-0.089,-0.093,-0.098,-0.103,-0.106,-0.112,-0.119,-0.118,-0.116,-0.106,-0.106,-0.099,-0.102,-0.109,-0.093,-0.086,-0.08,-0.077,-0.074,-0.07,-0.067,-0.065,-0.062,-0.06,-0.059,-0.058,-0.056,-0.054,-0.053,-0.052,-0.052,-0.05,-0.049,-0.047
0.002,0.0,0.0,0.0,0.0,0.0,0.0,0.0,0.0,0.0,0.0,0.0,0.0,0.0,0.0,0.0,0.0,0.0,0.0,0.0,0.009,0.012,0.011,0.01,0.009,0.008,0.007,0.005,0.004,0.002,0.0,-0.002,-0.005,-0.007,-0.01,-0.013,-0.016,-0.019,-0.023,-0.026,-0.03,-0.033,-0.037,-0.042,-0.046,-0.05,-0.054,-0.057,-0.061,-0.064,-0.069,-0.074,-0.079,-0.084,-0.088,-0.092,-0.096,-0.099,-0.104,-0.107,-0.107,-0.107,-0.103,-0.102,-0.097,-0.098,-0.096,-0.088,-0.082,-0.077,-0.074,-0.071,-0.067,-0.065,-0.063,-0.061,-0.059,-0.059,-0.057,-0.055,-0.054,-0.053,-0.053,-0.052,-0.05,-0.049,-0.047
