current_data/cl_ri_2024-08-02_20.00.json
{"header": {"parameterNumberName": "Northward current", "parameterNumber": 3, "parameterUnit": "m.s-1", "parameterCategory": 2, "refTime": "2024-08-02 20:00:00", "ny": 161, "lo1": -71.5, "lo2": -71.0, "la1": 41.79999923706055, "dx": 0.00250244140625, "dy": 0.002498626708984375, "nx": 201, "la2": 41.400001525878906}, "data":
[rows 117 to 155 of 161, columns 0 to 87 of 201]
0.0,0.0,0.0,0.0,0.0,0.0,0.0,0.0,0.0,0.0,0.0,0.0,0.0,0.0,0.0,0.0,0.0,0.0,0.0,0.0,0.06,0.0,0.0,0.0,0.0,0.0,0.0,0.0,0.0,0.0,0.0,0.0,0.0,0.0,0.4,0.448,0.454,0.462,0.461,0.236,-0.008,0.226,0.406,0.396,0.314,0.23,0.174,0.0,0.0,0.0,0.0,0.0,0.0,0.0,0.0,0.0,0.0,0.329,0.422,0.389,0.373,0.379,0.39,0.384,0.296,0.379,0.435,0.447,0.0,0.0,0.0,0.0,0.0,0.0,0.0,0.0,0.0,0.0,0.0,0.0,0.0,0.0,0.0,0.0,0.0,0.0,0.0,0.0
0.0,0.0,0.0,0.0,0.0,0.0,0.0,0.0,0.0,0.0,0.0,0.0,0.0,0.0,0.0,0.0,0.0,0.0,0.0,0.0,0.086,0.0,0.0,0.0,0.0,0.0,0.0,0.0,0.0,0.0,0.0,0.0,0.0,0.274,0.393,0.443,0.48,0.498,0.466,0.0,0.0,0.0,0.398,0.344,0.275,0.201,0.157,0.104,0.0,0.0,0.0,0.0,0.0,0.0,0.0,0.0,0.0,0.406,0.398,0.372,0.376,0.395,0.409,0.375,0.199,0.348,0.388,0.379,0.351,0.0,0.154,0.0,0.0,0.0,0.0,0.0,0.0,0.0,0.0,0.0,0.0,0.0,0.0,0.0,0.0,0.0,0.0,0.0
0.0,0.0,0.0,0.0,0.0,0.0,0.0,0.0,0.0,0.0,0.0,0.0,0.0,0.0,0.0,0.0,0.0,0.0,0.0,0.0,0.102,0.0,0.0,0.0,0.0,0.0,0.0,0.0,0.0,0.0,0.0,0.0,0.0,0.353,0.384,0.423,0.48,0.529,0.554,0.0,0.0,0.165,0.375,0.308,0.197,0.141,0.132,0.08,0.0,0.0,0.0,0.0,0.0,0.0,0.0,0.0,0.221,0.38,0.357,0.359,0.382,0.406,0.425,0.313,0.117,0.344,0.397,0.369,0.323,0.24,0.178,0.114,0.0,0.0,0.0,0.0,0.0,0.0,0.0,0.0,0.0,0.0,0.0,0.0,0.0,0.0,0.0,0.0
0.0,0.0,0.0,0.0,0.0,0.0,0.0,0.0,0.0,0.0,0.0,0.0,0.0,0.0,0.0,0.0,0.0,0.0,0.0,0.0,0.134,0.0,0.0,0.0,0.0,0.0,0.0,0.0,0.0,0.0,0.0,0.0,0.224,0.344,0.377,0.405,0.436,0.517,0.54,0.0,0.179,0.342,0.303,0.191,0.11,0.079,0.091,0.0,0.0,0.0,0.0,0.0,0.0,0.0,0.0,0.166,0.239,0.282,0.318,0.353,0.383,0.414,0.456,0.193,0.0,0.34,0.405,0.354,0.302,0.21,0.149,0.108,0.0,0.0,0.0,0.0,0.0,0.0,0.0,0.0,0.0,0.0,0.0,0.0,0.0,0.0,0.0,0.0
0.0,0.0,0.0,0.0,0.0,0.0,0.0,0.0,0.0,0.0,0.0,0.0,0.0,0.0,0.0,0.0,0.0,0.0,0.0,0.0,0.144,0.0,0.0,0.0,0.0,0.0,0.0,0.0,0.0,0.0,0.0,0.0,0.246,0.339,0.367,0.374,0.394,0.411,0.397,0.331,0.336,0.28,0.172,0.066,0.008,0.012,0.0,0.0,0.0,0.0,0.0,0.0,0.0,0.0,0.111,0.158,0.199,0.239,0.285,0.336,0.38,0.421,0.474,0.0,0.0,0.394,0.395,0.323,0.294,0.2,0.137,0.092,0.0,0.0,0.0,0.0,0.0,0.0,0.0,0.0,0.0,0.0,0.0,0.0,0.0,0.0,0.0,0.0
0.0,0.0,0.0,0.0,0.0,0.0,0.0,0.0,0.0,0.0,0.0,0.0,0.0,0.0,0.0,0.0,0.0,0.0,0.0,0.0,0.156,0.0,0.0,0.0,0.0,0.0,0.0,0.0,0.0,0.0,0.0,0.0,0.207,0.331,0.368,0.384,0.394,0.389,0.398,0.423,0.337,0.12,0.029,-0.021,-0.03,-0.013,-0.004,0.0,0.0,0.0,0.0,0.0,0.0,0.0,0.091,0.147,0.185,0.226,0.269,0.327,0.382,0.415,0.429,0.0,0.146,0.363,0.314,0.29,0.284,0.154,0.132,0.105,0.0,0.0,0.0,0.0,0.0,0.0,0.0,0.0,0.0,0.0,0.0,0.0,0.0,0.0,0.0,0.0
0.0,0.0,0.0,0.0,0.0,0.0,0.0,0.0,0.0,0.0,0.0,0.0,0.0,0.0,0.0,0.0,0.0,0.0,0.0,0.0,0.0,0.0,0.0,0.0,0.0,0.0,0.0,0.0,0.0,0.0,0.0,0.0,0.151,0.314,0.381,0.409,0.423,0.43,0.476,0.548,0.301,0.0,0.034,-0.005,-0.009,0.0,-0.003,0.0,0.0,0.0,0.0,0.0,0.0,0.0,0.0,0.131,0.143,0.17,0.224,0.343,0.438,0.431,0.368,0.292,0.238,0.248,0.255,0.249,0.277,0.0,0.138,0.116,0.0,0.0,0.0,0.0,0.0,0.0,0.0,0.0,0.0,0.0,0.0,0.0,0.0,0.0,0.0,0.0
0.0,0.0,0.0,0.0,0.0,0.0,0.0,0.0,0.0,0.0,0.0,0.0,0.0,0.0,0.0,0.0,0.0,0.0,0.0,0.0,0.0,0.066,0.0,0.0,0.0,0.0,0.0,0.0,0.0,0.0,0.0,0.0,0.0,0.321,0.415,0.445,0.443,0.453,0.495,0.539,0.0,0.0,0.0,0.0,0.0,0.0,0.0,0.0,0.0,0.0,0.0,0.0,0.0,0.0,0.0,0.078,0.076,0.073,0.127,0.365,0.541,0.507,0.382,0.283,0.235,0.215,0.201,0.194,0.188,0.0,0.126,0.156,0.0,0.0,0.0,0.0,0.0,0.0,0.0,0.0,0.0,0.0,0.0,0.0,0.0,0.0,0.0,0.0
0.0,0.0,0.0,0.0,0.0,0.0,0.0,0.0,0.0,0.0,0.0,0.0,0.0,0.0,0.0,0.0,0.0,0.0,0.0,0.0,0.0,0.0,0.0,0.0,0.0,0.0,0.0,0.0,0.0,0.0,0.0,0.0,0.0,0.351,0.477,0.491,0.464,0.463,0.492,0.514,0.44,0.0,0.0,0.0,0.0,0.0,0.0,0.0,0.0,0.0,0.0,0.0,0.0,0.0,0.0,0.0,-0.026,-0.059,-0.042,0.263,0.601,0.579,0.432,0.301,0.226,0.186,0.156,0.118,0.102,0.0,0.09,0.113,0.083,0.056,0.0,0.0,0.0,0.0,0.0,0.0,0.0,0.0,0.0,0.0,0.01,0.012,0.014,0.008
0.0,0.0,0.0,0.0,0.0,0.0,0.0,0.0,0.0,0.0,0.0,0.0,0.0,0.0,0.0,0.0,0.0,0.0,0.0,0.0,0.0,0.0,0.0,0.0,0.0,0.0,0.0,0.0,0.0,0.0,0.0,0.0,0.068,0.361,0.571,0.582,0.53,0.485,0.473,0.474,0.431,0.0,0.0,0.0,0.0,0.0,0.021,0.029,0.031,0.0,0.0,0.0,0.0,0.0,0.0,0.0,-0.108,-0.207,-0.242,0.053,0.644,0.626,0.481,0.353,0.265,0.197,0.13,0.03,-0.037,0.0,0.056,0.109,0.09,0.078,0.0,0.0,0.0,0.0,0.0,0.0,0.0,0.0,0.0,0.025,0.026,0.023,0.022,0.023
0.0,0.0,0.0,0.0,0.0,0.0,0.0,0.0,0.0,0.0,0.0,0.0,0.0,0.0,0.0,0.0,0.0,0.0,0.0,0.0,0.0,0.0,0.0,0.0,0.0,0.0,0.0,0.0,0.0,0.0,0.0,0.0,0.0,0.358,0.59,0.625,0.601,0.545,0.494,0.471,0.443,0.0,0.0,0.0,0.0,0.0,0.0,0.032,0.034,0.0,0.0,0.0,0.0,0.0,0.0,0.0,0.0,-0.234,-0.283,0.038,0.664,0.62,0.497,0.402,0.333,0.231,0.102,-0.046,-0.116,-0.052,0.061,0.093,0.078,0.07,0.0,0.0,0.0,0.0,0.0,0.0,0.0,0.0,0.034,0.036,0.031,0.026,0.023,0.022
0.0,0.0,0.0,0.0,0.0,0.0,0.0,0.0,0.0,0.0,0.0,0.0,0.0,0.0,0.0,0.0,0.0,0.0,0.0,0.0,0.0,0.0,0.0,0.0,0.0,0.0,0.0,0.0,0.0,0.0,0.0,0.0,0.0,0.0,0.549,0.557,0.544,0.525,0.501,0.477,0.439,0.225,0.0,0.0,0.0,0.0,0.0,0.03,0.033,0.028,0.0,0.0,0.0,0.0,0.0,0.0,0.0,0.0,-0.044,0.364,0.644,0.529,0.459,0.397,0.296,0.0,0.0,-0.008,-0.064,-0.039,0.02,0.051,0.055,0.047,0.0,0.0,0.0,0.0,0.0,0.0,0.0,0.0,0.04,0.042,0.036,0.029,0.023,0.021
0.0,0.0,0.0,0.0,0.0,0.0,0.0,0.0,0.0,0.0,0.0,0.0,0.0,0.0,0.0,0.0,0.0,0.0,0.0,0.0,0.0,0.0,0.0,0.0,0.0,0.0,0.0,0.0,0.0,0.0,0.0,0.0,0.0,0.0,0.513,0.515,0.48,0.473,0.48,0.483,0.44,0.0,0.0,0.0,0.0,0.0,0.0,0.027,0.031,0.041,0.0,0.0,0.002,0.0,0.0,0.0,0.113,0.184,0.362,0.513,0.524,0.43,0.367,0.296,0.0,0.0,0.0,0.014,-0.011,-0.002,0.016,0.035,0.022,0.0,0.0,0.0,0.0,0.0,0.0,0.0,0.0,0.0,0.048,0.044,0.036,0.028,0.022,0.02
0.0,0.0,0.0,0.0,0.0,0.0,0.0,0.0,0.0,0.0,0.0,0.0,0.0,0.0,0.0,0.0,0.0,0.0,0.0,0.0,0.0,0.0,0.0,0.0,0.0,0.0,0.0,0.0,0.0,0.0,0.0,0.0,0.0,0.0,0.527,0.493,0.455,0.438,0.439,0.451,0.441,0.0,0.0,0.0,0.0,0.0,0.0,0.024,0.037,0.063,0.0,0.0,0.115,0.122,0.11,0.139,0.185,0.282,0.413,0.493,0.401,0.297,0.223,0.0,0.0,0.0,0.021,0.013,0.008,0.013,0.0,0.0,0.0,0.0,0.0,0.0,0.0,0.0,0.0,0.0,0.0,0.0,0.045,0.04,0.033,0.025,0.02,0.02
0.0,0.0,0.0,0.0,0.0,0.0,0.0,0.0,0.0,0.0,0.0,0.0,0.0,0.0,0.0,0.0,0.0,0.0,0.0,0.0,0.249,0.0,0.0,0.0,0.0,0.0,0.0,0.0,0.0,0.0,0.0,0.0,0.0,0.0,0.514,0.458,0.427,0.407,0.404,0.436,0.453,0.0,0.0,0.0,0.0,0.0,0.0,0.022,0.077,0.145,0.171,0.178,0.193,0.165,0.138,0.175,0.254,0.378,0.46,0.355,0.205,0.133,0.0,0.0,0.0,0.0,0.02,0.013,0.008,0.0,0.0,0.0,0.0,0.0,0.0,0.0,0.0,0.0,0.0,0.0,0.0,0.0,0.043,0.037,0.029,0.022,0.018,0.019
0.0,0.0,0.0,0.0,0.0,0.0,0.0,0.0,0.0,0.0,0.0,0.0,0.0,0.0,0.0,0.0,0.0,0.0,0.0,0.0,0.321,0.0,0.0,0.0,0.0,0.0,0.0,0.0,0.0,0.05,0.061,0.053,0.0,0.402,0.414,0.415,0.399,0.384,0.38,0.398,0.375,0.0,0.0,0.0,0.0,0.0,0.0,0.0,0.161,0.259,0.25,0.209,0.17,0.145,0.179,0.268,0.393,0.464,0.313,0.111,0.0,0.0,0.0,0.0,0.0,0.0,0.0,0.0,0.0,0.0,0.0,0.0,0.0,0.0,0.0,0.0,0.0,0.0,0.0,0.0,0.0,0.0,0.043,0.032,0.024,0.018,0.016,0.017
0.0,0.0,0.0,0.0,0.0,0.0,0.0,0.0,0.0,0.0,0.0,0.0,0.0,0.0,0.0,0.0,0.0,0.0,0.0,0.0,0.503,0.0,0.0,0.0,0.0,0.0,0.0,0.0,0.033,0.082,0.12,0.158,0.253,0.325,0.361,0.377,0.379,0.37,0.37,0.373,0.298,0.128,0.0,0.0,0.0,0.0,0.0,0.0,0.315,0.348,0.282,0.21,0.166,0.19,0.293,0.437,0.466,0.216,0.0,0.0,0.0,0.0,0.0,0.0,0.0,0.0,0.0,0.0,0.0,0.0,0.0,0.0,0.0,0.0,0.0,0.0,0.0,0.0,0.0,0.0,0.0,0.0,0.037,0.025,0.018,0.014,0.013,0.014
0.0,0.0,0.0,0.0,0.0,0.0,0.0,0.0,0.0,0.0,0.0,0.0,0.0,0.0,0.0,0.0,0.0,0.0,0.0,0.0,0.215,0.0,0.0,0.0,0.0,0.0,0.0,0.0,0.025,0.092,0.168,0.226,0.273,0.311,0.338,0.354,0.365,0.371,0.384,0.384,0.248,0.0,0.0,0.0,0.0,0.0,0.0,0.3,0.403,0.331,0.259,0.213,0.229,0.317,0.46,0.511,0.12,0.0,0.0,0.0,0.0,0.0,0.0,0.0,0.0,0.0,0.0,0.0,0.0,0.0,0.0,0.0,0.0,0.0,0.0,0.0,0.0,0.0,0.0,0.0,0.026,0.027,0.025,0.018,0.012,0.01,0.011,0.013
0.0,0.0,0.0,0.0,0.0,0.0,0.0,0.0,0.0,0.0,0.0,0.0,0.0,0.0,0.0,0.0,0.0,0.0,0.0,0.0,0.0,0.0,0.0,0.0,0.0,0.0,0.0,0.0,0.0,0.069,0.197,0.276,0.296,0.315,0.332,0.344,0.356,0.372,0.39,0.383,0.0,0.0,0.0,0.0,0.006,0.106,0.24,0.365,0.333,0.278,0.235,0.241,0.323,0.468,0.528,0.0,0.0,0.0,0.0,0.0,0.0,0.0,0.0,0.0,0.0,0.0,0.0,0.0,0.0,0.0,0.0,0.0,0.0,0.0,0.0,0.0,0.0,0.0,0.0,0.029,0.026,0.02,0.016,0.011,0.007,0.007,0.009,0.014
0.0,0.0,0.0,0.0,0.0,0.0,0.0,0.0,0.0,0.0,0.0,0.0,0.0,0.0,0.0,0.0,0.0,0.0,0.0,0.225,0.0,0.0,0.0,0.0,0.0,0.0,0.0,0.0,0.0,0.0,0.194,0.313,0.318,0.322,0.328,0.337,0.35,0.37,0.381,0.363,0.0,0.0,0.0,0.0,0.0,0.222,0.294,0.29,0.263,0.235,0.238,0.296,0.409,0.539,0.479,0.205,0.0,0.0,0.0,0.0,0.0,0.0,0.0,0.0,0.0,0.0,0.0,0.0,0.0,0.0,0.0,0.0,0.0,0.0,0.0,0.0,0.0,0.0,0.0,0.0,0.02,0.011,0.01,0.008,0.003,0.005,0.009,0.015
0.0,0.0,0.0,0.0,0.0,0.0,0.0,0.0,0.0,0.0,0.0,0.0,0.0,0.0,0.0,0.0,0.0,0.0,0.0,0.318,0.0,0.0,0.0,0.0,0.0,0.0,0.0,0.0,0.0,0.0,0.195,0.339,0.321,0.318,0.322,0.331,0.346,0.361,0.361,0.32,0.0,0.0,0.0,0.0,0.0,0.279,0.267,0.235,0.221,0.231,0.273,0.332,0.433,0.54,0.352,0.135,-0.007,0.0,0.0,0.0,0.0,0.0,0.0,0.0,0.0,0.0,0.0,0.0,0.0,0.0,0.017,0.021,0.021,0.0,0.0,0.0,0.0,0.0,0.0,0.015,0.006,0.004,0.006,0.005,0.002,0.005,0.011,0.018
0.0,0.0,0.0,0.0,0.0,0.0,0.0,0.0,0.0,0.0,0.0,0.0,0.0,0.0,0.0,0.0,0.0,0.0,0.0,0.293,0.0,0.0,0.0,0.0,0.0,0.0,0.0,0.0,0.0,0.0,0.28,0.325,0.307,0.306,0.311,0.322,0.338,0.349,0.348,0.282,0.0,0.0,0.0,0.0,0.0,0.274,0.229,0.209,0.219,0.255,0.308,0.358,0.47,0.561,0.304,0.006,-0.108,0.0,0.0,0.0,0.0,0.0,0.0,0.0,0.0,0.0,0.0,0.0,0.0,0.01,0.025,0.027,0.03,0.0,0.0,0.0,0.0,0.0,0.0,-0.002,-0.003,-0.001,0.003,0.005,0.003,0.008,0.014,0.021
0.0,0.0,0.0,0.0,0.0,0.0,0.0,0.0,0.0,0.0,0.0,0.0,0.0,0.0,0.0,0.0,0.0,0.0,0.0,0.32,0.0,0.0,0.0,0.0,0.0,0.0,0.0,0.0,0.0,0.195,0.259,0.277,0.283,0.286,0.293,0.305,0.317,0.318,0.31,0.244,0.0,0.0,0.0,0.164,0.236,0.227,0.209,0.208,0.236,0.281,0.322,0.368,0.485,0.588,0.409,0.035,-0.119,0.0,0.0,0.0,0.0,0.0,0.0,0.0,0.025,0.0,0.009,0.0,0.004,0.011,0.02,0.031,0.047,0.045,0.018,0.005,0.0,0.0,-0.013,-0.015,-0.009,-0.003,0.003,0.007,0.006,0.011,0.018,0.025
0.0,0.0,0.0,0.0,0.0,0.0,0.0,0.0,0.0,0.0,0.0,0.0,0.0,0.0,0.0,0.0,0.0,0.0,0.093,0.32,0.0,0.0,0.0,0.0,0.0,0.0,0.0,0.0,0.113,0.225,0.244,0.249,0.256,0.261,0.269,0.283,0.292,0.293,0.293,0.293,0.0,0.0,0.152,0.185,0.205,0.213,0.208,0.219,0.251,0.287,0.315,0.355,0.435,0.513,0.452,0.147,-0.053,-0.028,0.0,0.0,0.0,-0.035,0.012,0.027,0.028,0.017,0.009,0.007,0.011,0.014,0.019,0.029,0.049,0.058,0.035,0.011,0.005,-0.011,-0.02,-0.016,-0.009,-0.002,0.004,0.01,0.011,0.016,0.022,0.028
0.0,0.0,0.0,0.0,0.0,0.0,0.0,0.0,0.0,0.0,0.0,0.0,0.0,0.0,0.0,0.0,-0.012,-0.061,0.037,0.0,0.209,0.0,0.0,0.0,0.0,0.0,0.0,0.0,0.165,0.24,0.222,0.219,0.228,0.234,0.242,0.256,0.267,0.269,0.269,0.263,0.21,0.153,0.161,0.178,0.191,0.204,0.215,0.229,0.254,0.278,0.299,0.327,0.38,0.438,0.413,0.279,0.115,0.075,0.064,0.01,-0.015,0.005,0.011,0.009,0.018,0.019,0.013,0.012,0.016,0.019,0.019,0.024,0.04,0.058,0.052,0.026,0.006,0.0,-0.012,-0.011,-0.006,0.001,0.007,0.012,0.016,0.021,0.026,0.032
0.0,0.0,0.0,0.0,0.0,0.0,0.0,0.0,0.0,0.0,0.0,0.0,0.0,0.0,0.0,0.0,-0.009,-0.008,0.0,0.0,0.434,0.0,0.0,0.0,0.0,0.0,0.0,0.0,0.228,0.223,0.218,0.209,0.205,0.206,0.212,0.226,0.24,0.243,0.243,0.231,0.176,0.16,0.171,0.185,0.2,0.216,0.233,0.246,0.258,0.275,0.29,0.311,0.345,0.382,0.386,0.331,0.283,0.252,0.112,0.056,0.059,0.033,0.007,0.002,0.007,0.021,0.023,0.02,0.021,0.023,0.025,0.03,0.039,0.048,0.039,0.035,0.018,0.0,-0.008,-0.004,0.001,0.006,0.012,0.016,0.02,0.025,0.03,0.035
0.0,0.0,0.0,0.0,0.0,0.0,0.0,0.0,0.0,0.0,0.0,0.0,0.0,0.0,0.0,0.001,0.0,0.0,0.0,0.0,0.0,0.428,0.0,0.0,0.0,0.0,0.1,0.152,0.167,0.177,0.178,0.186,0.188,0.185,0.188,0.199,0.212,0.217,0.21,0.183,0.162,0.166,0.178,0.193,0.21,0.228,0.247,0.264,0.277,0.284,0.293,0.305,0.325,0.35,0.373,0.364,0.308,0.207,0.116,0.086,0.068,0.036,0.007,0.017,0.025,0.019,0.02,0.021,0.024,0.025,0.028,0.033,0.039,0.041,0.035,0.028,0.014,0.003,0.002,0.005,0.009,0.013,0.017,0.021,0.025,0.03,0.034,0.037
0.0,0.0,0.0,0.0,0.0,0.0,0.0,0.0,0.0,0.0,0.0,0.0,0.0,0.0,0.0,0.0,0.0,0.0,0.0,0.0,0.0,0.0,0.266,0.119,0.059,0.094,0.116,0.131,0.141,0.151,0.158,0.163,0.167,0.168,0.168,0.176,0.188,0.196,0.192,0.173,0.169,0.172,0.182,0.196,0.212,0.227,0.246,0.262,0.272,0.28,0.286,0.293,0.305,0.322,0.323,0.311,0.273,0.176,0.12,0.081,0.038,0.018,0.026,0.035,0.034,0.028,0.023,0.027,0.025,0.027,0.028,0.035,0.038,0.038,0.036,0.023,0.013,0.011,0.01,0.013,0.017,0.02,0.023,0.027,0.03,0.033,0.037,0.04
0.0,0.0,0.0,0.0,0.0,0.0,0.0,0.0,0.0,0.0,0.0,0.0,0.0,0.0,0.0,0.0,0.0,0.0,0.0,0.0,0.0,0.121,0.132,0.103,0.088,0.089,0.104,0.113,0.124,0.136,0.144,0.15,0.153,0.155,0.156,0.161,0.17,0.176,0.174,0.17,0.171,0.176,0.185,0.198,0.214,0.232,0.243,0.25,0.256,0.262,0.267,0.272,0.278,0.283,0.287,0.271,0.215,0.164,0.126,0.086,0.036,0.019,0.044,0.037,0.036,0.033,0.03,0.03,0.032,0.034,0.033,0.028,0.031,0.034,0.035,0.031,0.02,0.016,0.017,0.022,0.024,0.026,0.028,0.031,0.034,0.037,0.04,0.042
0.0,0.0,0.0,0.0,0.0,0.0,0.0,0.0,0.0,0.0,0.0,0.0,0.0,0.0,0.0,0.0,0.0,0.0,0.0,0.0,0.079,0.088,0.09,0.087,0.085,0.085,0.094,0.103,0.114,0.124,0.131,0.138,0.142,0.146,0.148,0.152,0.157,0.162,0.165,0.167,0.17,0.175,0.183,0.194,0.208,0.22,0.228,0.233,0.239,0.243,0.247,0.25,0.251,0.251,0.245,0.219,0.197,0.17,0.131,0.098,0.072,0.05,0.024,0.03,0.032,0.031,0.031,0.032,0.035,0.035,0.034,0.031,0.031,0.033,0.035,0.038,0.036,0.03,0.024,0.023,0.026,0.03,0.032,0.035,0.038,0.041,0.043,0.045
0.0,0.0,0.0,0.0,0.0,0.0,0.0,0.0,0.0,0.0,0.0,0.0,0.0,0.0,0.0,0.0,0.0,0.0,0.0,0.075,0.082,0.081,0.08,0.079,0.079,0.079,0.088,0.095,0.105,0.114,0.122,0.128,0.134,0.138,0.142,0.145,0.15,0.154,0.158,0.161,0.166,0.171,0.177,0.185,0.192,0.198,0.205,0.212,0.218,0.223,0.226,0.226,0.225,0.221,0.215,0.206,0.174,0.152,0.116,0.098,0.083,0.062,0.041,0.029,0.028,0.032,0.033,0.033,0.037,0.038,0.037,0.035,0.033,0.035,0.037,0.039,0.039,0.034,0.03,0.028,0.03,0.034,0.037,0.04,0.043,0.045,0.047,0.049
0.0,0.0,0.0,0.0,0.0,0.0,0.0,0.0,0.0,0.0,0.0,0.0,0.0,0.0,0.0,0.0,0.0,0.0,0.0,0.085,0.083,0.078,0.075,0.074,0.074,0.074,0.078,0.088,0.097,0.105,0.113,0.121,0.127,0.132,0.136,0.14,0.143,0.147,0.151,0.155,0.16,0.165,0.171,0.178,0.187,0.194,0.199,0.199,0.201,0.204,0.204,0.204,0.201,0.197,0.189,0.177,0.159,0.132,0.108,0.096,0.088,0.072,0.054,0.041,0.038,0.035,0.039,0.043,0.039,0.039,0.039,0.037,0.037,0.037,0.039,0.04,0.04,0.038,0.036,0.035,0.037,0.039,0.042,0.045,0.048,0.049,0.051,0.051
0.0,0.0,0.0,0.0,0.0,0.0,0.0,0.0,0.0,0.0,0.0,0.0,0.0,0.0,0.0,0.0,0.0,0.0,0.049,0.081,0.079,0.076,0.073,0.071,0.07,0.071,0.075,0.082,0.09,0.098,0.106,0.114,0.121,0.127,0.131,0.134,0.137,0.14,0.144,0.148,0.152,0.157,0.163,0.171,0.18,0.188,0.19,0.19,0.186,0.185,0.185,0.185,0.182,0.178,0.171,0.162,0.149,0.13,0.111,0.101,0.093,0.088,0.072,0.057,0.041,0.038,0.043,0.048,0.046,0.044,0.042,0.041,0.04,0.04,0.041,0.042,0.042,0.042,0.041,0.042,0.044,0.046,0.048,0.05,0.052,0.053,0.054,0.055
0.0,0.021,0.024,0.0,0.0,0.0,0.0,0.0,0.0,0.0,0.0,0.0,0.0,0.0,0.0,0.0,0.0,0.0,0.0,0.087,0.08,0.075,0.071,0.068,0.067,0.069,0.072,0.078,0.084,0.092,0.1,0.109,0.115,0.121,0.125,0.128,0.13,0.133,0.137,0.14,0.144,0.148,0.153,0.16,0.168,0.168,0.168,0.166,0.167,0.169,0.17,0.169,0.167,0.162,0.157,0.15,0.142,0.132,0.119,0.108,0.101,0.093,0.077,0.059,0.053,0.049,0.048,0.05,0.05,0.047,0.044,0.044,0.043,0.043,0.044,0.045,0.045,0.046,0.047,0.048,0.05,0.052,0.054,0.055,0.057,0.057,0.058,0.059
0.0,0.029,0.046,0.0,0.0,0.0,0.0,0.0,0.0,0.0,0.0,0.0,0.0,0.0,0.0,0.0,0.0,0.0,0.0,0.089,0.082,0.075,0.07,0.067,0.066,0.067,0.071,0.076,0.08,0.088,0.096,0.104,0.11,0.115,0.118,0.121,0.123,0.126,0.13,0.133,0.136,0.139,0.143,0.147,0.147,0.148,0.149,0.149,0.152,0.154,0.155,0.155,0.153,0.15,0.147,0.141,0.136,0.13,0.125,0.114,0.1,0.09,0.074,0.064,0.059,0.058,0.057,0.05,0.049,0.048,0.047,0.047,0.047,0.047,0.047,0.048,0.05,0.051,0.052,0.054,0.055,0.057,0.059,0.06,0.06,0.061,0.061,0.062
0.0,0.025,0.062,0.0,0.0,0.0,0.0,0.0,0.0,0.0,0.0,0.0,0.0,0.0,0.0,0.0,0.0,0.0,0.0,0.081,0.082,0.073,0.067,0.065,0.064,0.066,0.068,0.072,0.078,0.085,0.092,0.098,0.104,0.109,0.112,0.115,0.117,0.119,0.122,0.126,0.129,0.131,0.134,0.136,0.138,0.139,0.139,0.14,0.142,0.144,0.144,0.144,0.142,0.14,0.137,0.133,0.128,0.125,0.122,0.112,0.094,0.078,0.07,0.067,0.066,0.064,0.056,0.051,0.05,0.05,0.05,0.05,0.05,0.05,0.051,0.052,0.054,0.056,0.057,0.059,0.06,0.061,0.063,0.063,0.064,0.064,0.065,0.066
0.034,0.035,0.031,0.0,0.0,0.0,0.0,0.0,0.0,0.0,0.0,0.0,0.0,0.0,0.0,0.0,0.0,0.0,0.0,0.0,0.08,0.07,0.064,0.062,0.063,0.065,0.068,0.072,0.077,0.082,0.088,0.094,0.099,0.103,0.106,0.108,0.11,0.113,0.115,0.118,0.12,0.123,0.125,0.128,0.129,0.131,0.132,0.133,0.133,0.134,0.135,0.134,0.133,0.131,0.129,0.126,0.122,0.118,0.113,0.102,0.088,0.076,0.071,0.069,0.07,0.065,0.059,0.054,0.053,0.053,0.052,0.052,0.053,0.054,0.055,0.056,0.058,0.06,0.061,0.063,0.064,0.065,0.066,0.067,0.067,0.068,0.068,0.069
0.079,0.0,0.0,0.0,0.0,0.0,0.0,0.0,0.0,0.0,0.0,0.0,0.0,0.0,0.0,0.0,0.0,0.0,0.0,0.0,0.074,0.066,0.061,0.059,0.061,0.063,0.066,0.07,0.074,0.079,0.084,0.088,0.092,0.096,0.098,0.1,0.103,0.106,0.109,0.112,0.115,0.117,0.118,0.121,0.123,0.124,0.125,0.126,0.127,0.127,0.127,0.127,0.126,0.124,0.122,0.119,0.115,0.111,0.106,0.099,0.09,0.081,0.075,0.073,0.071,0.07,0.064,0.056,0.055,0.054,0.054,0.056,0.056,0.057,0.059,0.061,0.062,0.064,0.066,0.067,0.068,0.069,0.07,0.07,0.07,0.071,0.071,0.071
0.068,0.0,0.0,0.0,0.0,0.0,0.0,0.0,0.0,0.0,0.0,0.0,0.0,0.0,0.0,0.0,0.0,0.0,0.0,0.0,0.074,0.065,0.058,0.057,0.058,0.061,0.064,0.068,0.071,0.075,0.079,0.083,0.086,0.089,0.092,0.094,0.097,0.101,0.104,0.106,0.108,0.111,0.113,0.115,0.117,0.118,0.119,0.12,0.12,0.121,0.121,0.121,0.12,0.118,0.116,0.114,0.11,0.107,0.103,0.097,0.09,0.082,0.076,0.074,0.072,0.07,0.063,0.058,0.057,0.057,0.058,0.058,0.059,0.061,0.063,0.064,0.066,0.068,0.068,0.069,0.071,0.072,0.072,0.073,0.073,0.073,0.073,0.073
