current_data/cl_ri_2024-08-02_20.00.json
{"header": {"parameterNumberName": "Northward current", "parameterNumber": 3, "parameterUnit": "m.s-1", "parameterCategory": 2, "refTime": "2024-08-02 20:00:00", "ny": 161, "lo1": -71.5, "lo2": -71.0, "la1": 41.79999923706055, "dx": 0.00250244140625, "dy": 0.002498626708984375, "nx": 201, "la2": 41.400001525878906}, "data":
[rows 117 to 155 of 161, columns 88 to 175 of 201]
0.0,0.0,0.0,0.0,0.0,0.0,0.0,0.0,0.0,0.0,0.0,0.0,0.0,0.0,0.0,0.0,0.0,0.15,0.248,0.264,0.278,0.292,0.301,0.308,0.313,0.318,0.323,0.328,0.319,0.266,0.124,0.0,0.0,0.0,0.0,0.0,0.0,0.0,0.0,0.0,0.0,0.0,0.0,0.0,0.0,0.0,0.0,0.0,0.0,0.0,0.0,0.0,0.0,0.0,0.0,0.0,0.0,0.0,0.0,0.0,0.0,0.0,0.0,0.0,0.0,0.0,0.0,0.0,0.0,0.0,0.0,0.0,0.0,0.0,0.0,0.0,0.412,0.319,0.179,0.094,0.042,0.03,0.022,0.012,0.0,0.0,0.0,0.0
0.0,0.0,0.0,0.0,0.0,0.0,0.0,0.0,0.0,0.0,0.0,0.0,0.0,0.0,0.0,0.0,0.0,0.205,0.234,0.249,0.262,0.274,0.284,0.293,0.299,0.307,0.318,0.328,0.323,0.27,0.073,0.0,0.0,0.0,0.0,0.0,0.0,0.0,0.0,0.0,0.0,0.0,0.0,0.0,0.0,0.0,0.0,0.0,0.0,0.0,0.0,0.0,0.0,0.0,0.0,0.0,0.0,0.0,0.0,0.0,0.0,0.0,0.0,0.0,0.0,0.0,0.0,0.0,0.0,0.0,0.0,0.0,0.0,0.0,0.0,0.0,0.363,0.27,0.195,0.136,0.089,0.061,0.044,0.034,0.03,0.027,0.023,0.019
0.0,0.0,0.0,0.0,0.0,0.0,0.0,0.0,0.0,0.0,0.0,0.0,0.0,0.0,0.0,0.0,0.123,0.214,0.224,0.236,0.249,0.26,0.27,0.279,0.287,0.297,0.31,0.322,0.319,0.277,0.0,0.0,0.0,0.0,0.0,0.0,0.0,0.0,0.0,0.0,0.0,0.0,0.0,0.0,0.0,0.0,0.0,0.0,0.0,0.0,0.0,0.0,0.0,0.0,0.0,0.0,0.0,0.0,0.0,0.0,0.0,0.0,0.0,0.0,0.0,0.0,0.0,0.0,0.0,0.0,0.0,0.031,0.024,0.024,0.052,0.109,0.15,0.13,0.117,0.096,0.076,0.06,0.049,0.042,0.037,0.033,0.029,0.026
0.0,0.0,0.0,0.0,0.0,0.0,0.0,0.0,0.0,0.0,0.0,0.0,0.0,0.0,0.0,0.0,0.173,0.203,0.209,0.221,0.235,0.246,0.256,0.266,0.276,0.286,0.299,0.306,0.294,0.283,0.0,0.0,0.0,0.0,0.0,0.0,0.0,0.0,0.0,0.0,0.0,0.0,0.0,0.0,0.0,0.0,0.0,0.0,0.0,0.0,0.0,0.0,0.0,0.0,0.0,0.0,0.0,0.0,0.0,0.0,0.0,0.0,0.0,0.0,0.0,0.0,0.0,0.0,0.027,0.034,0.041,0.045,0.042,0.042,0.047,0.058,0.055,0.045,0.071,0.078,0.074,0.066,0.057,0.049,0.043,0.039,0.035,0.032
0.0,0.0,0.0,0.0,0.0,0.0,0.0,0.0,0.0,0.0,0.0,0.0,0.0,0.0,0.0,0.0,0.151,0.171,0.188,0.205,0.221,0.233,0.242,0.251,0.26,0.269,0.282,0.292,0.287,0.289,0.245,0.091,0.0,0.0,0.0,0.0,0.0,0.0,0.0,0.0,0.0,0.0,0.0,0.0,0.0,0.0,0.0,0.0,0.0,0.0,0.0,0.0,0.0,0.0,0.0,0.0,0.0,0.0,0.0,0.0,0.0,0.0,0.0,0.0,0.0,0.0,0.0,0.057,0.057,0.054,0.056,0.055,0.055,0.056,0.05,0.03,-0.004,-0.011,0.038,0.076,0.083,0.072,0.061,0.054,0.049,0.046,0.042,0.039
0.0,0.0,0.0,0.0,0.0,0.0,0.0,0.0,0.0,0.0,0.0,0.0,0.0,0.0,0.0,0.091,0.123,0.158,0.175,0.191,0.212,0.224,0.233,0.24,0.246,0.254,0.264,0.277,0.287,0.274,0.225,0.173,0.046,0.0,0.0,0.0,0.0,0.0,0.0,0.0,0.0,0.0,0.0,0.0,0.0,0.0,0.0,0.0,0.0,0.0,0.0,0.0,0.0,0.0,0.0,0.0,0.0,0.0,0.0,0.0,0.0,0.013,0.017,0.019,0.018,0.02,0.042,0.063,0.063,0.06,0.059,0.059,0.06,0.065,0.053,0.009,-0.045,-0.045,0.015,0.076,0.087,0.077,0.066,0.06,0.055,0.051,0.048,0.046
0.0,0.0,0.0,0.0,0.0,0.0,0.0,0.0,0.0,0.0,0.0,0.0,0.0,0.0,0.034,0.055,0.101,0.166,0.208,0.222,0.221,0.223,0.226,0.23,0.233,0.237,0.24,0.244,0.243,0.217,0.19,0.179,0.0,0.0,0.0,0.0,0.0,0.0,0.0,0.0,0.0,0.0,0.0,0.0,0.0,0.0,0.0,0.0,0.0,0.0,0.0,0.0,0.0,0.0,0.0,0.0,0.0,0.0,0.022,0.023,0.023,0.021,0.02,0.02,0.021,0.025,0.036,0.048,0.053,0.055,0.053,0.053,0.056,0.063,0.05,-0.001,-0.06,-0.048,0.014,0.068,0.082,0.079,0.071,0.062,0.059,0.057,0.056,0.054
0.0,0.0,0.0,0.0,0.0,0.0,0.0,0.0,0.0,0.0,0.0,0.0,0.0,0.0,0.003,0.007,0.062,0.168,0.22,0.226,0.224,0.223,0.22,0.22,0.22,0.219,0.217,0.21,0.195,0.172,0.161,0.155,0.138,0.0,0.0,0.0,0.0,0.0,0.0,0.0,0.0,0.0,0.0,0.0,0.0,0.0,0.0,0.0,0.0,0.0,0.0,0.0,0.0,0.0,0.0,0.0,0.0,0.029,0.03,0.026,0.024,0.022,0.02,0.02,0.023,0.028,0.035,0.042,0.047,0.049,0.047,0.045,0.049,0.056,0.051,0.016,-0.03,-0.018,0.029,0.054,0.062,0.065,0.065,0.061,0.061,0.063,0.065,0.065
0.0,0.0,0.0,0.0,0.0,0.0,0.015,0.017,0.0,0.0,0.0,0.0,0.0,0.0,-0.012,-0.025,0.009,0.16,0.255,0.258,0.244,0.225,0.215,0.211,0.208,0.204,0.198,0.19,0.177,0.164,0.152,0.145,0.132,0.114,0.0,0.0,0.0,0.0,0.0,0.0,0.0,0.0,0.0,0.0,0.0,0.0,0.0,0.0,0.0,0.0,0.0,0.0,0.0,0.0,0.0,0.0,0.0,0.031,0.029,0.026,0.024,0.022,0.02,0.021,0.025,0.03,0.037,0.042,0.043,0.041,0.037,0.037,0.04,0.045,0.041,0.029,0.017,0.017,0.035,0.046,0.053,0.056,0.058,0.06,0.063,0.068,0.074,0.079
0.0,0.0,0.0,0.0,0.0,0.017,0.02,0.024,0.026,0.027,0.02,0.0,0.0,0.0,0.0,0.0,0.0,0.175,0.323,0.285,0.241,0.219,0.208,0.201,0.196,0.19,0.184,0.177,0.167,0.156,0.146,0.136,0.12,0.102,0.083,0.047,0.0,0.0,0.0,0.0,0.0,0.0,0.0,0.0,0.0,0.0,0.0,0.0,0.0,0.0,0.0,0.0,0.0,0.0,0.0,0.0,0.0,0.033,0.028,0.024,0.021,0.019,0.019,0.021,0.026,0.031,0.037,0.04,0.038,0.033,0.029,0.031,0.036,0.04,0.037,0.033,0.033,0.036,0.041,0.046,0.051,0.055,0.058,0.063,0.068,0.073,0.08,0.09
0.024,0.0,0.0,0.0,0.0,0.02,0.021,0.023,0.026,0.028,0.029,0.031,0.028,0.0,0.0,0.0,0.0,0.0,0.291,0.247,0.221,0.205,0.197,0.19,0.185,0.179,0.173,0.165,0.155,0.146,0.136,0.124,0.107,0.093,0.087,0.069,0.0,0.0,0.0,0.0,0.0,0.0,0.0,0.0,0.0,0.0,0.0,0.0,0.0,0.0,0.0,0.0,0.0,0.0,0.0,0.0,0.018,0.03,0.022,0.018,0.017,0.018,0.019,0.022,0.026,0.03,0.033,0.033,0.03,0.027,0.028,0.033,0.037,0.042,0.042,0.04,0.042,0.046,0.049,0.052,0.055,0.057,0.06,0.063,0.066,0.071,0.078,0.095
0.024,0.0,0.0,0.015,0.021,0.021,0.023,0.025,0.027,0.028,0.029,0.03,0.035,0.026,0.0,0.0,0.0,0.15,0.189,0.186,0.185,0.184,0.182,0.179,0.176,0.171,0.164,0.156,0.148,0.139,0.129,0.118,0.106,0.097,0.089,0.076,0.0,0.0,0.0,0.0,0.0,0.0,0.0,0.0,0.0,0.0,0.0,0.0,0.0,0.0,0.0,0.0,0.0,0.0,0.018,0.02,0.02,0.017,0.012,0.012,0.014,0.018,0.021,0.021,0.022,0.025,0.027,0.027,0.025,0.026,0.031,0.037,0.041,0.045,0.049,0.052,0.053,0.053,0.055,0.057,0.06,0.061,0.062,0.063,0.065,0.067,0.076,0.096
0.024,0.034,0.029,0.021,0.022,0.024,0.026,0.028,0.029,0.03,0.031,0.033,0.036,0.02,0.0,0.0,0.063,0.139,0.143,0.153,0.161,0.165,0.169,0.17,0.169,0.165,0.159,0.151,0.142,0.133,0.124,0.115,0.108,0.103,0.097,0.076,0.0,0.0,0.0,0.0,0.0,0.0,0.0,0.0,0.0,0.0,0.0,0.0,0.0,0.0,0.0,0.0,0.0,0.0,0.026,0.019,0.013,0.009,0.007,0.008,0.012,0.016,0.018,0.017,0.019,0.022,0.024,0.025,0.026,0.029,0.034,0.039,0.044,0.048,0.052,0.054,0.055,0.057,0.06,0.063,0.066,0.068,0.07,0.071,0.072,0.074,0.08,0.096
0.025,0.032,0.025,0.022,0.025,0.028,0.031,0.033,0.034,0.036,0.035,0.035,0.03,0.0,0.0,0.0,0.109,0.121,0.127,0.136,0.145,0.153,0.16,0.164,0.166,0.164,0.158,0.15,0.14,0.13,0.12,0.112,0.108,0.108,0.107,0.078,0.0,0.0,0.0,0.0,0.0,0.0,0.0,0.0,0.0,0.0,0.0,0.0,0.0,0.013,0.017,0.015,0.012,0.014,0.014,0.011,0.008,0.006,0.005,0.006,0.01,0.012,0.014,0.016,0.019,0.021,0.023,0.026,0.028,0.031,0.036,0.041,0.045,0.049,0.052,0.055,0.058,0.061,0.064,0.066,0.07,0.072,0.075,0.079,0.079,0.08,0.082,0.092
0.022,0.025,0.023,0.024,0.028,0.032,0.035,0.038,0.041,0.043,0.038,0.034,0.024,0.0,0.042,0.071,0.085,0.1,0.112,0.123,0.133,0.143,0.153,0.162,0.167,0.167,0.162,0.153,0.14,0.127,0.115,0.105,0.098,0.09,0.081,0.05,0.0,0.0,0.0,0.0,0.0,0.0,0.0,0.0,0.0,0.0,0.0,0.0,0.023,0.021,0.017,0.014,0.012,0.012,0.01,0.005,0.003,0.002,0.004,0.006,0.007,0.01,0.013,0.016,0.019,0.022,0.024,0.026,0.03,0.033,0.038,0.043,0.048,0.052,0.055,0.059,0.062,0.065,0.067,0.068,0.071,0.073,0.075,0.076,0.077,0.077,0.08,0.087
0.019,0.022,0.023,0.027,0.031,0.035,0.039,0.044,0.049,0.045,0.041,0.039,0.035,0.036,0.05,0.061,0.075,0.09,0.102,0.112,0.123,0.136,0.15,0.162,0.171,0.173,0.169,0.158,0.142,0.126,0.11,0.099,0.092,0.082,0.057,0.0,0.0,0.0,0.0,0.0,0.0,0.0,0.0,0.0,0.0,0.0,0.023,0.023,0.023,0.016,0.011,0.009,0.009,0.01,0.006,0.003,0.001,0.002,0.004,0.006,0.007,0.01,0.013,0.016,0.02,0.022,0.025,0.028,0.032,0.036,0.041,0.046,0.05,0.055,0.06,0.064,0.067,0.069,0.07,0.072,0.073,0.075,0.077,0.079,0.08,0.081,0.083,0.086
0.018,0.021,0.025,0.03,0.035,0.038,0.044,0.052,0.055,0.046,0.045,0.046,0.045,0.046,0.052,0.06,0.072,0.084,0.094,0.105,0.118,0.134,0.151,0.167,0.178,0.182,0.179,0.166,0.146,0.125,0.106,0.092,0.088,0.077,0.03,0.0,0.0,0.0,0.0,0.0,0.0,0.0,0.0,0.0,0.0,0.027,0.025,0.021,0.018,0.012,0.007,0.005,0.005,0.004,0.002,-0.001,-0.0,0.001,0.004,0.006,0.008,0.011,0.014,0.017,0.02,0.023,0.027,0.031,0.035,0.04,0.044,0.049,0.054,0.058,0.063,0.067,0.07,0.072,0.074,0.076,0.078,0.08,0.081,0.083,0.084,0.085,0.087,0.089
0.018,0.023,0.028,0.034,0.038,0.042,0.048,0.056,0.057,0.049,0.049,0.051,0.051,0.051,0.055,0.062,0.071,0.08,0.09,0.101,0.116,0.135,0.155,0.175,0.19,0.196,0.19,0.174,0.149,0.122,0.098,0.08,0.075,0.0,0.0,0.0,0.0,0.0,0.0,0.0,0.0,0.0,0.0,0.0,0.0,0.027,0.022,0.018,0.014,0.009,0.005,0.003,0.001,-0.0,-0.002,-0.002,-0.001,0.001,0.004,0.007,0.009,0.012,0.015,0.018,0.021,0.025,0.029,0.033,0.038,0.043,0.048,0.053,0.057,0.062,0.066,0.07,0.073,0.075,0.077,0.078,0.08,0.081,0.084,0.086,0.088,0.09,0.091,0.093
0.019,0.025,0.032,0.037,0.041,0.045,0.051,0.058,0.058,0.052,0.052,0.055,0.059,0.058,0.06,0.065,0.071,0.079,0.088,0.101,0.118,0.138,0.161,0.183,0.201,0.209,0.204,0.184,0.152,0.115,0.083,0.06,0.046,0.037,0.0,0.0,0.0,0.0,0.0,0.0,0.0,0.0,0.0,0.0,0.0,0.021,0.014,0.011,0.008,0.005,0.002,0.0,-0.001,-0.002,-0.002,-0.003,-0.001,0.002,0.004,0.008,0.011,0.014,0.017,0.02,0.024,0.028,0.033,0.038,0.043,0.049,0.054,0.058,0.062,0.066,0.069,0.072,0.075,0.077,0.079,0.08,0.082,0.084,0.087,0.089,0.09,0.091,0.094,0.096
0.022,0.028,0.034,0.039,0.043,0.047,0.052,0.058,0.056,0.049,0.05,0.056,0.062,0.066,0.063,0.066,0.072,0.079,0.088,0.102,0.119,0.139,0.162,0.185,0.207,0.217,0.219,0.204,0.162,0.104,0.058,0.033,0.017,0.011,0.0,0.0,0.0,0.0,0.0,0.0,0.0,0.007,0.0,0.0,0.003,-0.005,0.002,0.002,0.001,0.0,-0.001,-0.001,-0.002,-0.002,-0.002,-0.001,-0.0,0.002,0.006,0.009,0.013,0.016,0.019,0.023,0.027,0.032,0.037,0.042,0.048,0.054,0.059,0.063,0.067,0.07,0.071,0.074,0.078,0.08,0.081,0.082,0.084,0.086,0.088,0.091,0.092,0.094,0.097,0.099
0.025,0.031,0.037,0.042,0.045,0.049,0.056,0.059,0.052,0.045,0.047,0.053,0.059,0.059,0.059,0.066,0.073,0.081,0.092,0.104,0.118,0.135,0.155,0.178,0.196,0.215,0.238,0.239,0.188,0.091,0.017,-0.011,-0.016,-0.018,0.0,0.0,0.008,0.011,0.019,0.021,0.023,0.021,0.016,0.003,-0.006,-0.007,-0.007,-0.004,-0.002,-0.001,0.0,0.0,-0.001,-0.001,-0.001,-0.0,0.002,0.004,0.007,0.011,0.015,0.019,0.023,0.027,0.031,0.036,0.041,0.047,0.053,0.058,0.063,0.069,0.074,0.079,0.082,0.081,0.081,0.082,0.083,0.083,0.084,0.086,0.088,0.09,0.092,0.094,0.097,0.1
0.028,0.034,0.039,0.043,0.047,0.052,0.059,0.06,0.051,0.044,0.046,0.051,0.055,0.056,0.061,0.067,0.075,0.084,0.094,0.103,0.113,0.126,0.141,0.158,0.172,0.203,0.247,0.271,0.233,0.112,-0.013,-0.054,-0.051,-0.039,0.0,0.0,0.0,0.006,0.01,0.01,0.009,0.011,0.012,0.009,0.005,0.002,-0.003,-0.005,-0.002,0.0,0.001,0.001,0.001,0.001,0.002,0.003,0.005,0.007,0.01,0.014,0.017,0.022,0.027,0.031,0.036,0.041,0.046,0.051,0.056,0.061,0.067,0.073,0.078,0.081,0.082,0.083,0.082,0.082,0.082,0.083,0.085,0.087,0.089,0.091,0.093,0.093,0.095,0.096
0.031,0.037,0.041,0.045,0.048,0.054,0.06,0.058,0.05,0.044,0.046,0.049,0.054,0.057,0.063,0.07,0.078,0.087,0.095,0.1,0.106,0.113,0.121,0.127,0.133,0.168,0.221,0.264,0.265,0.185,0.055,-0.018,-0.041,-0.051,-0.037,-0.029,-0.006,-0.001,-0.0,0.002,0.005,0.01,0.014,0.013,0.009,0.006,0.004,0.0,-0.001,0.001,0.002,0.003,0.003,0.003,0.005,0.006,0.008,0.01,0.013,0.017,0.021,0.026,0.031,0.036,0.041,0.046,0.051,0.056,0.06,0.064,0.069,0.075,0.081,0.083,0.084,0.083,0.082,0.082,0.083,0.084,0.086,0.087,0.089,0.09,0.09,0.092,0.092,0.092
0.034,0.039,0.042,0.046,0.049,0.055,0.06,0.058,0.049,0.044,0.046,0.05,0.054,0.059,0.065,0.071,0.079,0.086,0.09,0.092,0.096,0.1,0.103,0.103,0.098,0.125,0.173,0.221,0.244,0.227,0.166,0.09,0.043,0.019,-0.009,-0.017,-0.016,-0.006,0.001,0.002,0.006,0.01,0.012,0.012,0.011,0.009,0.007,0.005,0.003,0.003,0.004,0.005,0.006,0.007,0.008,0.009,0.012,0.015,0.018,0.021,0.025,0.031,0.036,0.041,0.046,0.052,0.056,0.06,0.064,0.068,0.073,0.077,0.082,0.087,0.087,0.082,0.081,0.082,0.083,0.084,0.085,0.087,0.088,0.089,0.09,0.09,0.09,0.091
0.037,0.04,0.044,0.047,0.051,0.058,0.061,0.056,0.046,0.043,0.046,0.051,0.057,0.062,0.068,0.074,0.078,0.082,0.083,0.084,0.087,0.089,0.089,0.083,0.074,0.083,0.123,0.171,0.213,0.227,0.205,0.167,0.123,0.08,0.033,0.003,-0.005,0.001,0.006,0.008,0.009,0.011,0.012,0.013,0.013,0.013,0.011,0.009,0.005,0.006,0.008,0.008,0.009,0.01,0.011,0.013,0.016,0.019,0.022,0.026,0.031,0.036,0.042,0.047,0.052,0.056,0.06,0.064,0.067,0.07,0.073,0.077,0.08,0.083,0.08,0.079,0.08,0.081,0.082,0.083,0.085,0.086,0.087,0.089,0.09,0.09,0.091,0.091
0.039,0.043,0.045,0.048,0.052,0.057,0.057,0.051,0.045,0.045,0.048,0.053,0.058,0.063,0.068,0.073,0.077,0.078,0.078,0.079,0.081,0.082,0.082,0.079,0.072,0.071,0.091,0.128,0.168,0.195,0.2,0.177,0.138,0.098,0.063,0.042,0.025,0.02,0.017,0.016,0.015,0.014,0.014,0.015,0.016,0.016,0.015,0.013,0.011,0.01,0.009,0.01,0.011,0.013,0.015,0.017,0.019,0.023,0.027,0.032,0.037,0.042,0.047,0.052,0.057,0.06,0.063,0.066,0.068,0.07,0.073,0.075,0.077,0.077,0.077,0.078,0.08,0.082,0.083,0.084,0.085,0.087,0.088,0.089,0.09,0.09,0.091,0.091
0.041,0.044,0.046,0.048,0.051,0.054,0.055,0.05,0.045,0.046,0.05,0.054,0.059,0.063,0.067,0.072,0.073,0.074,0.075,0.077,0.079,0.08,0.08,0.08,0.079,0.08,0.088,0.107,0.131,0.154,0.168,0.166,0.145,0.118,0.097,0.062,0.043,0.033,0.026,0.022,0.02,0.019,0.018,0.018,0.019,0.019,0.019,0.018,0.018,0.013,0.011,0.012,0.014,0.017,0.018,0.021,0.024,0.028,0.032,0.037,0.043,0.048,0.052,0.057,0.06,0.063,0.065,0.068,0.07,0.071,0.073,0.075,0.077,0.078,0.078,0.079,0.08,0.082,0.084,0.086,0.089,0.089,0.089,0.089,0.089,0.089,0.09,0.091
0.042,0.045,0.047,0.049,0.051,0.052,0.052,0.048,0.046,0.049,0.052,0.056,0.06,0.063,0.066,0.069,0.071,0.072,0.074,0.075,0.077,0.078,0.079,0.081,0.083,0.087,0.093,0.102,0.115,0.127,0.136,0.143,0.141,0.125,0.089,0.057,0.047,0.038,0.031,0.028,0.026,0.024,0.023,0.023,0.023,0.022,0.022,0.02,0.019,0.016,0.015,0.016,0.018,0.021,0.023,0.026,0.029,0.033,0.038,0.043,0.048,0.053,0.057,0.061,0.063,0.065,0.068,0.07,0.072,0.073,0.074,0.076,0.077,0.078,0.079,0.08,0.082,0.084,0.087,0.089,0.088,0.086,0.087,0.088,0.089,0.089,0.089,0.091
0.044,0.046,0.048,0.05,0.051,0.051,0.051,0.05,0.05,0.052,0.055,0.058,0.061,0.064,0.067,0.069,0.07,0.071,0.073,0.074,0.076,0.077,0.079,0.081,0.085,0.089,0.095,0.102,0.107,0.112,0.116,0.117,0.113,0.097,0.078,0.061,0.045,0.039,0.036,0.033,0.031,0.03,0.029,0.028,0.027,0.026,0.024,0.023,0.021,0.019,0.019,0.02,0.022,0.025,0.028,0.031,0.034,0.037,0.042,0.048,0.053,0.058,0.061,0.064,0.066,0.068,0.07,0.072,0.073,0.074,0.076,0.077,0.078,0.079,0.08,0.081,0.083,0.084,0.085,0.084,0.083,0.084,0.086,0.087,0.088,0.089,0.09,0.091
0.047,0.048,0.05,0.051,0.052,0.052,0.052,0.052,0.053,0.055,0.058,0.06,0.062,0.064,0.067,0.069,0.07,0.071,0.071,0.073,0.075,0.077,0.079,0.081,0.084,0.088,0.092,0.095,0.099,0.102,0.102,0.099,0.094,0.086,0.076,0.06,0.048,0.043,0.041,0.039,0.037,0.036,0.034,0.031,0.029,0.028,0.027,0.025,0.024,0.022,0.022,0.023,0.026,0.029,0.032,0.036,0.041,0.044,0.049,0.054,0.058,0.062,0.065,0.067,0.069,0.071,0.073,0.074,0.075,0.078,0.078,0.079,0.081,0.081,0.081,0.082,0.083,0.083,0.084,0.085,0.085,0.085,0.086,0.088,0.089,0.09,0.091,0.093
0.05,0.051,0.052,0.053,0.054,0.054,0.055,0.056,0.056,0.058,0.06,0.062,0.064,0.065,0.067,0.068,0.069,0.07,0.071,0.073,0.074,0.076,0.078,0.08,0.083,0.085,0.088,0.091,0.092,0.093,0.092,0.089,0.085,0.079,0.071,0.062,0.055,0.05,0.048,0.045,0.041,0.038,0.035,0.034,0.032,0.031,0.03,0.028,0.026,0.025,0.025,0.027,0.03,0.034,0.037,0.042,0.047,0.051,0.055,0.058,0.061,0.064,0.067,0.069,0.071,0.072,0.074,0.077,0.079,0.08,0.08,0.08,0.079,0.08,0.081,0.082,0.082,0.082,0.083,0.084,0.086,0.089,0.09,0.089,0.09,0.091,0.092,0.093
0.053,0.054,0.055,0.056,0.056,0.057,0.058,0.058,0.059,0.061,0.062,0.064,0.065,0.066,0.067,0.068,0.068,0.069,0.071,0.072,0.074,0.076,0.078,0.08,0.081,0.083,0.085,0.086,0.087,0.087,0.086,0.082,0.078,0.074,0.07,0.064,0.059,0.056,0.05,0.044,0.041,0.039,0.038,0.036,0.035,0.034,0.032,0.03,0.029,0.029,0.029,0.031,0.034,0.037,0.041,0.046,0.052,0.056,0.059,0.061,0.064,0.066,0.068,0.07,0.071,0.073,0.076,0.079,0.082,0.085,0.083,0.083,0.084,0.082,0.082,0.082,0.082,0.083,0.084,0.086,0.087,0.087,0.087,0.088,0.089,0.09,0.092,0.093
0.056,0.057,0.058,0.059,0.059,0.06,0.061,0.061,0.062,0.063,0.064,0.065,0.066,0.067,0.068,0.068,0.069,0.069,0.07,0.072,0.074,0.076,0.078,0.079,0.08,0.081,0.082,0.083,0.083,0.083,0.083,0.081,0.077,0.072,0.068,0.064,0.059,0.054,0.049,0.046,0.043,0.041,0.04,0.038,0.037,0.036,0.034,0.033,0.032,0.032,0.033,0.035,0.037,0.041,0.044,0.049,0.053,0.057,0.061,0.064,0.067,0.069,0.071,0.072,0.074,0.075,0.077,0.079,0.081,0.081,0.08,0.08,0.081,0.081,0.081,0.082,0.083,0.084,0.084,0.085,0.086,0.085,0.085,0.086,0.088,0.09,0.092,0.094
0.059,0.06,0.061,0.062,0.062,0.063,0.064,0.064,0.065,0.065,0.066,0.067,0.068,0.068,0.069,0.07,0.07,0.07,0.071,0.073,0.075,0.077,0.077,0.078,0.078,0.079,0.08,0.081,0.081,0.08,0.079,0.077,0.073,0.069,0.066,0.062,0.057,0.054,0.05,0.048,0.046,0.044,0.042,0.041,0.04,0.038,0.036,0.035,0.035,0.036,0.037,0.039,0.041,0.044,0.047,0.051,0.055,0.06,0.064,0.067,0.07,0.071,0.073,0.074,0.075,0.076,0.076,0.078,0.078,0.077,0.077,0.079,0.079,0.08,0.08,0.081,0.082,0.083,0.083,0.084,0.084,0.085,0.086,0.087,0.089,0.09,0.092,0.094
0.063,0.063,0.064,0.064,0.065,0.065,0.066,0.067,0.067,0.068,0.068,0.069,0.069,0.07,0.071,0.071,0.071,0.072,0.073,0.074,0.075,0.075,0.075,0.076,0.077,0.077,0.078,0.078,0.077,0.075,0.074,0.072,0.069,0.065,0.062,0.06,0.057,0.054,0.052,0.05,0.048,0.046,0.045,0.043,0.042,0.04,0.039,0.038,0.038,0.039,0.041,0.044,0.046,0.049,0.052,0.055,0.06,0.065,0.068,0.071,0.072,0.073,0.074,0.074,0.075,0.076,0.076,0.076,0.077,0.077,0.077,0.078,0.079,0.08,0.08,0.081,0.082,0.083,0.084,0.085,0.086,0.087,0.088,0.089,0.09,0.092,0.094,0.096
0.066,0.067,0.067,0.067,0.068,0.068,0.068,0.069,0.07,0.07,0.071,0.071,0.071,0.072,0.072,0.073,0.073,0.073,0.073,0.074,0.074,0.074,0.074,0.074,0.075,0.076,0.076,0.075,0.074,0.072,0.07,0.068,0.066,0.064,0.061,0.058,0.056,0.055,0.053,0.052,0.05,0.048,0.046,0.045,0.044,0.043,0.042,0.041,0.042,0.043,0.046,0.049,0.053,0.057,0.061,0.065,0.067,0.068,0.071,0.072,0.073,0.073,0.074,0.074,0.075,0.076,0.077,0.077,0.078,0.078,0.079,0.08,0.08,0.081,0.081,0.082,0.083,0.084,0.085,0.086,0.087,0.088,0.09,0.091,0.092,0.094,0.095,0.098
0.069,0.069,0.069,0.07,0.07,0.071,0.071,0.072,0.072,0.073,0.073,0.073,0.073,0.074,0.074,0.074,0.073,0.074,0.074,0.073,0.073,0.073,0.074,0.074,0.074,0.074,0.074,0.073,0.071,0.069,0.068,0.067,0.065,0.062,0.059,0.058,0.057,0.056,0.055,0.053,0.052,0.05,0.048,0.047,0.047,0.046,0.046,0.045,0.046,0.048,0.051,0.054,0.058,0.063,0.068,0.072,0.074,0.073,0.072,0.073,0.074,0.074,0.074,0.075,0.075,0.076,0.077,0.078,0.078,0.079,0.08,0.081,0.082,0.082,0.083,0.084,0.084,0.084,0.085,0.086,0.087,0.089,0.091,0.092,0.094,0.095,0.097,0.099
0.072,0.071,0.071,0.072,0.072,0.073,0.074,0.074,0.075,0.074,0.075,0.075,0.074,0.074,0.074,0.074,0.074,0.074,0.074,0.074,0.073,0.074,0.074,0.074,0.073,0.073,0.072,0.071,0.07,0.069,0.067,0.066,0.064,0.063,0.062,0.061,0.059,0.057,0.056,0.055,0.055,0.054,0.053,0.053,0.05,0.049,0.049,0.05,0.052,0.053,0.056,0.059,0.063,0.067,0.071,0.074,0.075,0.073,0.073,0.074,0.074,0.074,0.074,0.074,0.075,0.077,0.078,0.079,0.08,0.081,0.081,0.082,0.083,0.084,0.084,0.084,0.084,0.084,0.085,0.087,0.089,0.091,0.092,0.094,0.095,0.097,0.098,0.1
0.073,0.074,0.074,0.074,0.075,0.076,0.076,0.076,0.076,0.075,0.075,0.075,0.075,0.075,0.075,0.074,0.074,0.075,0.076,0.077,0.078,0.075,0.074,0.073,0.073,0.072,0.072,0.071,0.069,0.068,0.067,0.066,0.064,0.065,0.064,0.062,0.059,0.058,0.057,0.057,0.057,0.057,0.055,0.054,0.051,0.052,0.054,0.055,0.057,0.058,0.061,0.064,0.066,0.069,0.071,0.072,0.073,0.073,0.074,0.074,0.075,0.075,0.074,0.075,0.076,0.078,0.079,0.081,0.083,0.084,0.084,0.084,0.084,0.083,0.083,0.084,0.084,0.085,0.087,0.089,0.091,0.093,0.094,0.096,0.097,0.098,0.099,0.101
